0.0000 0.0000 0.0000 0.0000 0.0000 0.0000 0.0000 -0.0000 0.0000 0.0000 0.0000 0.0000 0.0000 0.0000 0.0000 0.0000 0.0000 0.0000 0.0000
0.0000 0.0000 0.0000 0.0000 0.0000 0.0000 0.0291 -0.1261 -0.0599 0.1284 0.0377 -0.0741 -0.0263 0.0282 0.0021 0.0243 0.0322 0.0217 0.1013
0.0000 0.0000 0.0000 0.0000 0.0000 0.0000 0.0280 -0.1211 -0.0599 0.1284 0.0233 -0.0439 -0.0801 0.0859 0.0020 0.0228 0.0424 0.0286 0.2023
0.0000 0.0000 0.0000 0.0000 0.0000 0.0000 0.0215 -0.1222 -0.0542 0.1162 0.0236 -0.0463 -0.0801 0.0859 0.0020 0.0232 0.0419 0.0294 0.3035
0.0000 0.0000 0.0000 0.0000 0.0000 0.0000 0.0152 -0.1239 -0.0539 0.1156 0.0329 -0.0420 -0.0831 0.0891 0.0001 0.0076 0.0403 0.0272 0.4044
0.0000 0.0000 0.0000 0.0000 0.0000 0.0000 0.0083 -0.1190 -0.0259 0.0713 0.0357 -0.0333 -0.0815 0.0906 -0.0002 0.0110 0.0403 0.0272 0.5055
0.0000 0.0000 0.0000 0.0000 0.0000 0.0000 -0.0000 -0.1162 -0.0204 0.0710 0.0439 -0.0142 -0.0790 0.0878 0.0003 0.0073 0.0394 0.0136 0.6068
0.0000 0.0000 0.0000 0.0000 0.0000 0.0000 -0.0057 -0.1087 -0.0144 0.0742 0.0409 -0.0029 -0.0776 0.0862 0.0003 0.0098 0.0409 0.0080 0.7080
0.0000 0.0000 0.0000 0.0000 0.0000 0.0000 -0.0133 -0.1083 -0.0090 0.0735 0.0405 0.0071 -0.0523 0.0623 0.0005 0.0088 0.0345 0.0049 0.8094
0.0000 0.0000 0.0000 0.0000 0.0000 0.0000 -0.0241 -0.1044 -0.0039 0.0741 0.0307 0.0200 -0.0498 0.0615 0.0017 0.0099 0.0325 0.0046 0.9104
0.0000 0.0000 0.0000 0.0000 0.0000 0.0000 -0.0303 -0.1057 0.0000 0.0743 0.0221 0.0192 -0.0455 0.0582 0.0038 0.0133 0.0292 0.0149 1.0116
0.0000 0.0000 0.0000 0.0000 0.0000 0.0000 -0.0459 -0.1031 0.0088 0.0839 0.0175 0.0169 -0.0411 0.0566 0.0089 0.0183 0.0267 0.0194 1.1131
0.0000 0.0000 0.0000 0.0000 0.0000 0.0000 -0.0459 -0.1031 0.0146 0.0831 0.0152 0.0147 -0.0391 0.0580 0.0122 0.0204 0.0217 0.0225 1.2214
0.0000 0.0000 0.0000 0.0000 0.0000 0.0000 -0.0605 -0.0968 0.0324 0.0844 0.0157 0.0152 -0.0328 0.0592 0.0127 0.0212 0.0217 0.0225 1.3234
0.0000 0.0000 0.0000 0.0000 0.0000 0.0000 -0.0742 -0.0824 0.0488 0.0752 0.0155 0.0135 -0.0314 0.0643 0.0120 0.0208 0.0100 0.0326 1.4245
0.0000 0.0000 0.0000 0.0000 0.0000 0.0000 -0.0871 -0.0633 0.0488 0.0752 0.0178 0.0198 -0.0279 0.0726 0.0101 0.0217 0.0080 0.0377 1.5256
0.0000 0.0000 0.0000 0.0000 0.0000 0.0000 -0.0832 -0.0604 0.0586 0.0674 0.0221 0.0283 -0.0279 0.0726 0.0103 0.0255 0.0080 0.0377 1.6266
0.0000 0.0000 0.0000 0.0000 0.0000 0.0000 -0.0922 -0.0411 0.0855 0.0151 0.0199 0.0408 -0.0187 0.0808 0.0100 0.0349 0.0023 0.0440 1.7279
0.0000 0.0000 0.0000 0.0000 0.0000 0.0000 -0.0954 -0.0220 0.0802 -0.0261 0.0218 0.0761 -0.0131 0.0827 0.0096 0.0605 0.0008 0.0479 1.8291
0.0000 0.0000 0.0000 0.0000 0.0000 0.0000 -0.0961 -0.0034 0.0657 -0.0443 0.0124 0.0781 -0.0089 0.0848 0.0081 0.0767 0.0009 0.0528 1.9300
0.0000 0.0000 0.0000 0.0000 0.0000 0.0000 -0.0962 0.0017 0.0530 -0.0568 0.0114 0.1082 -0.0044 0.0840 0.0064 0.0917 -0.0010 0.0558 2.0309
0.0000 0.0000 0.0000 0.0000 0.0000 0.0000 -0.0991 0.0175 0.0381 -0.0687 0.0076 0.1085 0.0000 0.0753 0.0032 0.0919 0.0000 0.0637 2.1325
0.0000 0.0000 0.0000 0.0000 0.0000 0.0000 -0.1043 0.0260 0.0270 -0.0741 0.0057 0.1093 0.0044 0.0623 0.0022 0.1287 0.0012 0.0702 2.2336
0.0000 0.0000 0.0000 0.0000 0.0000 0.0000 -0.0999 0.0364 0.0268 -0.0736 0.0000 0.1176 0.0037 0.0531 0.0000 0.1514 0.0028 0.0794 2.3346
0.0000 0.0000 0.0000 0.0000 0.0000 0.0000 -0.0984 0.0480 0.0150 -0.0771 0.0000 0.1176 0.0039 0.0448 0.0028 0.1612 0.0031 0.0874 2.4357
0.0000 0.0000 0.0000 0.0000 0.0000 0.0000 -0.0913 0.0571 0.0172 -0.0807 -0.0089 0.1273 0.0086 0.0442 0.0000 0.1702 0.0064 0.0914 2.5370
0.0000 0.0000 0.0000 0.0000 0.0000 0.0000 -0.0899 0.0677 0.0201 -0.0807 -0.0127 0.1451 0.0066 0.0338 0.0031 0.1797 0.0069 0.0985 2.6381
0.0000 0.0000 0.0000 0.0000 0.0000 0.0000 -0.0913 0.0766 0.0199 -0.0800 -0.0127 0.1451 0.0105 0.0322 0.0031 0.1797 0.0087 0.0994 2.7401
0.0000 0.0000 0.0000 0.0000 0.0000 0.0000 -0.0875 0.0788 0.0230 -0.0801 -0.0160 0.1524 0.0119 0.0295 0.0000 0.1872 0.0105 0.0997 2.8412
0.0000 0.0000 0.0000 0.0000 0.0000 0.0000 -0.0872 0.0842 0.0458 -0.0679 -0.0198 0.1613 0.0315 0.0121 0.0000 0.1941 0.0156 0.0985 2.9422
0.0000 0.0000 0.0000 0.0000 0.0000 0.0000 -0.0880 0.0880 0.0510 -0.0653 -0.0203 0.1653 0.0407 0.0028 0.0000 0.2032 0.0159 0.1002 3.0433
0.0000 0.0000 0.0000 0.0000 0.0000 0.0000 -0.0855 0.0917 0.0565 -0.0606 -0.0207 0.1683 0.0480 -0.0224 0.0039 0.2222 0.0179 0.1014 3.1445
0.0000 0.0000 0.0000 0.0000 0.0000 0.0000 -0.0839 0.0932 0.0782 -0.0568 -0.0216 0.1758 0.0486 -0.0353 0.0039 0.2222 0.0167 0.0949 3.2455
0.0000 0.0000 0.0000 0.0000 0.0000 0.0000 -0.0844 0.0970 0.0865 -0.0441 -0.0191 0.1814 0.0422 -0.0522 0.0000 0.2355 0.0179 0.0922 3.3472
0.0000 0.0000 0.0000 0.0000 0.0000 0.0000 -0.0829 0.0988 0.0925 -0.0471 -0.0222 0.1811 0.0549 -0.0678 0.0000 0.2355 0.0103 0.0531 3.4484
0.0000 0.0000 0.0000 0.0000 0.0000 0.0000 -0.0809 0.0999 0.0925 -0.0471 -0.0226 0.1843 0.0549 -0.0678 0.0000 0.2290 0.0103 0.0531 3.5500
0.0000 0.0000 0.0000 0.0000 0.0000 0.0000 -0.0798 0.1021 0.0964 -0.0491 -0.0195 0.1853 0.0586 -0.0724 0.0000 0.2264 0.0070 0.0358 3.6511
0.0000 0.0000 0.0000 0.0000 0.0000 0.0000 -0.0776 0.1030 0.0962 -0.0490 -0.0222 0.1812 0.0587 -0.0725 0.0000 0.2230 0.0060 0.0307 3.7525
0.0000 0.0000 0.0000 0.0000 0.0000 0.0000 -0.0741 0.1020 0.0962 -0.0490 -0.0189 0.1802 0.1092 0.0212 0.0038 0.2201 0.0093 0.0270 3.8538
0.0000 0.0000 0.0000 0.0000 0.0000 0.0000 -0.0735 0.1012 0.1000 -0.0466 -0.0218 0.1774 0.1092 0.0212 0.0038 0.2160 0.0093 0.0270 3.9548
0.0000 0.0000 0.0000 0.0000 0.0000 0.0000 -0.0688 0.1020 0.1030 -0.0480 -0.0183 0.1740 0.1102 0.0214 0.0038 0.2160 0.0093 0.0270 4.0565
0.0000 0.0000 0.0000 0.0000 0.0000 0.0000 -0.0636 0.1017 0.1028 -0.0480 -0.0180 0.1714 0.0868 0.0782 0.0000 0.2094 0.0105 0.0305 4.1576
0.0000 0.0000 0.0000 0.0000 0.0000 0.0000 -0.0606 0.1009 0.0892 -0.0416 -0.0208 0.1695 0.0868 0.0782 0.0000 0.2063 0.0350 0.0538 4.2588
0.0000 0.0000 0.0000 0.0000 0.0000 0.0000 -0.0585 0.1013 0.0817 -0.0572 -0.0202 0.1649 0.0769 0.0884 0.0000 0.2032 0.0571 0.0496 4.3600
0.0000 0.0000 0.0000 0.0000 0.0000 0.0000 -0.0550 0.0992 0.0817 -0.0572 -0.0202 0.1649 0.0788 0.0906 0.0000 0.2032 0.0571 0.0496 4.4609
0.0000 0.0000 0.0000 0.0000 0.0000 0.0000 -0.0516 0.1012 0.0489 -0.0440 -0.0196 0.1599 0.0770 0.0885 0.0036 0.2049 0.0963 0.0050 4.5627
0.0000 0.0000 0.0000 0.0000 0.0000 0.0000 -0.0448 0.1007 0.0400 -0.0386 -0.0193 0.1572 0.0909 0.0848 0.0030 0.1716 0.0853 -0.0277 4.6648
0.0000 0.0000 0.0000 0.0000 0.0000 0.0000 -0.0438 0.0983 0.0464 -0.0268 -0.0185 0.1508 0.0938 0.0815 0.0030 0.1716 0.0853 -0.0277 4.7663
0.0000 0.0000 0.0000 0.0000 0.0000 0.0000 -0.0374 0.0974 0.0464 -0.0268 -0.0147 0.1395 0.1129 0.0433 0.0000 0.1597 0.0858 -0.0262 4.8677
0.0000 0.0000 0.0000 0.0000 0.0000 0.0000 -0.0348 0.0906 0.0533 0.0056 -0.0139 0.1325 0.1129 0.0433 0.0000 0.1479 0.0858 -0.0262 4.9690
0.0000 0.0000 0.0000 0.0000 0.0000 0.0000 -0.0335 0.0874 0.0535 0.0123 -0.0139 0.1325 0.1105 0.0424 0.0000 0.1407 0.0858 -0.0262 5.0708
0.0000 0.0000 0.0000 0.0000 0.0000 0.0000 -0.0336 0.0875 0.0727 0.0168 -0.0129 0.1224 0.1105 0.0424 0.0000 0.1373 0.0858 -0.0262 5.1726
0.0000 0.0000 0.0000 0.0000 0.0000 0.0000 -0.0317 0.0825 0.0610 0.0411 -0.0129 0.1224 0.1193 -0.0021 0.0000 0.1321 0.0858 -0.0262 5.2738
0.0000 0.0000 0.0000 0.0000 0.0000 0.0000 -0.0195 0.0847 0.0653 0.0441 -0.0123 0.1167 0.1245 -0.0022 0.0000 0.1295 0.0858 -0.0262 5.3748
0.0000 0.0000 0.0000 0.0000 0.0000 0.0000 -0.0173 0.0813 0.0651 0.0439 -0.0157 0.1115 0.1249 -0.0022 0.0000 0.1295 0.0858 -0.0262 5.4759
0.0000 0.0000 0.0000 0.0000 0.0000 0.0000 -0.0125 0.0789 0.0924 0.0230 -0.0222 0.1260 0.1175 -0.0250 0.0000 0.0871 0.0858 -0.0262 5.5774
0.0000 0.0000 0.0000 0.0000 0.0000 0.0000 -0.0104 0.0844 0.0901 0.0225 -0.0213 0.1001 0.1184 -0.0188 0.0000 0.0620 0.0858 -0.0262 5.6788
0.0000 0.0000 0.0000 0.0000 0.0000 0.0000 -0.0061 0.0697 0.0769 -0.0519 -0.0181 0.0851 0.1291 -0.0204 0.0000 0.0542 0.0858 -0.0262 5.7801
0.0000 0.0000 0.0000 0.0000 0.0000 0.0000 -0.0044 0.0623 0.0752 -0.0507 -0.0174 0.0755 0.1309 0.0000 0.0000 0.0447 0.0858 -0.0262 5.8815
0.0000 0.0000 0.0000 0.0000 0.0000 0.0000 -0.0010 0.0563 0.0658 -0.0658 -0.0174 0.0755 0.1309 0.0000 -0.0008 0.0447 0.0672 0.0801 5.9826
0.0000 0.0000 0.0000 0.0000 0.0000 0.0000 0.0000 0.0540 0.0637 -0.0637 -0.0165 0.0662 0.1209 0.0235 -0.0007 0.0390 0.0707 0.0593 6.0881
0.0000 0.0000 0.0000 0.0000 0.0000 0.0000 0.0017 0.0485 0.0543 -0.0720 -0.0176 0.0612 0.1193 0.0297 -0.0020 0.0583 0.0793 0.0515 6.1898
0.0000 0.0000 0.0000 0.0000 0.0000 0.0000 0.0023 0.0445 0.0492 -0.0653 -0.0194 0.0598 0.1146 0.0202 -0.0018 0.0522 0.0902 0.0311 6.2911
0.0000 0.0000 0.0000 0.0000 0.0000 0.0000 0.0030 0.0429 0.0470 -0.0623 -0.0192 0.0557 0.0983 0.0173 -0.0017 0.0494 0.0931 0.0321 6.3922
0.0000 0.0000 0.0000 0.0000 0.0000 0.0000 0.0042 0.0401 0.0470 -0.0623 -0.0199 0.0519 0.1045 -0.0036 -0.0014 0.0408 0.0993 0.0140 6.4932
0.0000 0.0000 0.0000 0.0000 0.0000 0.0000 0.0044 0.0360 0.0479 -0.0447 -0.0175 0.0456 0.1050 -0.0037 -0.0012 0.0356 0.0871 0.0122 6.5964
0.0000 0.0000 0.0000 0.0000 0.0000 0.0000 0.0034 0.0322 0.0500 -0.0466 -0.0175 0.0456 0.1051 -0.0037 -0.0006 0.0357 0.0871 0.0122 6.6976
0.0000 0.0000 0.0000 0.0000 0.0000 0.0000 0.0039 0.0320 0.0613 -0.0312 -0.0143 0.0373 0.1052 -0.0205 0.0000 0.0297 0.0802 0.0113 6.7989
0.0000 0.0000 0.0000 0.0000 0.0000 0.0000 0.0033 0.0265 0.0713 -0.0062 -0.0124 0.0323 0.1044 -0.0380 0.0000 0.0229 0.0754 0.0160 6.9002
0.0000 0.0000 0.0000 0.0000 0.0000 0.0000 0.0029 0.0233 0.0754 0.0066 -0.0113 0.0295 0.0990 -0.0303 0.0000 0.0201 0.0754 0.0160 7.0012
0.0000 0.0000 0.0000 0.0000 0.0000 0.0000 0.0026 0.0214 0.0774 0.0193 -0.0097 0.0267 0.0937 -0.0304 0.0000 0.0191 0.0697 0.0213 7.1023
0.0000 0.0000 0.0000 0.0000 0.0000 0.0000 0.0027 0.0191 0.0705 0.0257 -0.0091 0.0250 0.0979 -0.0318 0.0003 0.0175 0.0697 0.0213 7.2037
0.0000 0.0000 0.0000 0.0000 0.0000 0.0000 0.0022 0.0181 0.0684 0.0249 -0.0087 0.0227 0.1030 -0.0335 0.0005 0.0156 0.0697 0.0213 7.3048
0.0000 0.0000 0.0000 0.0000 0.0000 0.0000 0.0020 0.0163 0.0685 0.0249 -0.0075 0.0207 0.1025 -0.0333 0.0010 0.0146 0.0697 0.0213 7.4062
0.0000 0.0000 0.0000 0.0000 0.0000 0.0000 0.0020 0.0145 0.0531 -0.0513 -0.0069 0.0191 0.1025 0.0162 0.0006 0.0063 0.0607 -0.0245 7.5074
0.0000 0.0000 0.0000 0.0000 0.0000 0.0000 0.0017 0.0138 0.0470 -0.0602 -0.0051 0.0147 0.0979 0.0318 0.0008 0.0063 0.0649 -0.0262 7.6089
0.0000 0.0000 0.0000 0.0000 0.0000 0.0000 0.0014 0.0115 0.0363 -0.0581 -0.0042 0.0128 0.0789 0.0303 0.0020 0.0101 0.0507 -0.0441 7.7099
0.0000 0.0000 0.0000 0.0000 0.0000 0.0000 0.0013 0.0104 0.0284 -0.0472 -0.0044 0.0136 0.0799 0.0260 0.0034 0.0099 0.0430 -0.0415 7.8112
0.0000 0.0000 0.0000 0.0000 0.0000 0.0000 0.0013 0.0104 0.0287 -0.0442 -0.0044 0.0134 0.0735 0.0211 0.0039 0.0087 0.0346 -0.0358 7.9122
0.0000 0.0000 0.0000 0.0000 0.0000 0.0000 0.0012 0.0100 0.0341 -0.0353 -0.0037 0.0128 0.0635 0.0112 0.0056 0.0072 0.0355 -0.0319 8.0133
0.0000 0.0000 0.0000 0.0000 0.0000 0.0000 0.0010 0.0092 0.0402 -0.0196 -0.0032 0.0119 0.0585 0.0031 0.0067 0.0065 0.0361 -0.0272 8.1149
0.0000 0.0000 0.0000 0.0000 0.0000 0.0000 0.0009 0.0090 0.0419 -0.0204 -0.0025 0.0109 0.0545 -0.0188 0.0067 0.0022 0.0399 -0.0130 8.2165
0.0000 0.0000 0.0000 0.0000 0.0000 0.0000 0.0008 0.0076 0.0458 -0.0000 -0.0022 0.0097 0.0424 -0.0381 0.0080 0.0026 0.0407 0.0064 8.3175
0.0000 0.0000 0.0000 0.0000 0.0000 0.0000 0.0007 0.0071 0.0455 0.0080 -0.0014 0.0101 0.0438 -0.0394 0.0053 -0.0026 0.0402 0.0064 8.4185
0.0000 0.0000 0.0000 0.0000 0.0000 0.0000 0.0008 0.0072 0.0444 0.0162 -0.0011 0.0076 0.0416 -0.0447 0.0038 -0.0019 0.0383 0.0124 8.5200
0.0000 0.0000 0.0000 0.0000 0.0000 0.0000 0.0006 0.0059 0.0479 0.0102 -0.0007 0.0065 0.0414 -0.0444 0.0027 -0.0027 0.0335 0.0149 8.6213
0.0000 0.0000 0.0000 0.0000 0.0000 0.0000 0.0005 0.0052 0.0490 0.0104 -0.0001 0.0060 0.0413 -0.0443 0.0024 -0.0034 0.0317 0.0141 8.7229
0.0000 0.0000 0.0000 0.0000 0.0000 0.0000 0.0005 0.0044 0.0458 -0.0204 0.0001 0.0051 0.0568 -0.0229 0.0040 -0.0073 0.0337 0.0006 8.8248
0.0000 0.0000 0.0000 0.0000 0.0000 0.0000 0.0004 0.0041 0.0377 -0.0327 0.0002 0.0035 0.0618 0.0109 0.0045 -0.0110 0.0340 -0.0151 8.9260
0.0000 0.0000 0.0000 0.0000 0.0000 0.0000 0.0003 0.0031 0.0309 -0.0355 0.0004 0.0037 0.0599 0.0106 0.0057 -0.0158 0.0369 -0.0165 9.0286
0.0000 0.0000 0.0000 0.0000 0.0000 0.0000 0.0003 0.0032 0.0294 -0.0338 0.0012 0.0050 0.0504 0.0340 0.0054 -0.0177 0.0291 -0.0281 9.1299
0.0000 0.0000 0.0000 0.0000 0.0000 0.0000 0.0005 0.0037 0.0168 -0.0397 0.0019 0.0061 0.0379 0.0421 0.0058 -0.0217 0.0255 -0.0314 9.2315
0.0000 0.0000 0.0000 0.0000 0.0000 0.0000 0.0005 0.0038 0.0170 -0.0335 0.0030 0.0073 0.0354 0.0393 0.0058 -0.0234 0.0226 -0.0335 9.3326
0.0000 0.0000 0.0000 0.0000 0.0000 0.0000 0.0006 0.0046 0.0130 -0.0256 0.0056 0.0079 0.0290 0.0346 0.0044 -0.0205 0.0174 -0.0239 9.4337
0.0000 0.0000 0.0000 0.0000 0.0000 0.0000 0.0009 0.0055 0.0136 -0.0235 0.0064 0.0064 0.0293 0.0283 0.0030 -0.0173 0.0154 -0.0171 9.5349
0.0000 0.0000 0.0000 0.0000 0.0000 0.0000 0.0009 0.0046 0.0182 -0.0202 0.0075 0.0043 0.0380 0.0161 0.0022 -0.0153 0.0184 -0.0134 9.6364
0.0000 0.0000 0.0000 0.0000 0.0000 0.0000 0.0011 0.0041 0.0200 -0.0069 0.0089 -0.0005 0.0339 -0.0084 0.0013 -0.0147 0.0194 -0.0017 9.7378
0.0000 0.0000 0.0000 0.0000 0.0000 0.0000 0.0013 0.0036 0.0253 -0.0000 0.0088 -0.0032 0.0356 -0.0089 0.0008 -0.0120 0.0233 -0.0020 9.8389
0.0000 0.0000 0.0000 0.0000 0.0000 0.0000 0.0022 0.0043 0.0217 0.0058 0.0066 -0.0050 0.0258 -0.0209 0.0003 -0.0096 0.0227 0.0111 9.9401
0.0000 0.0000 0.0000 0.0000 0.0000 0.0000 0.0025 0.0037 0.0197 0.0204 0.0057 -0.0055 0.0213 -0.0293 0.0001 -0.0076 0.0104 0.0133 10.0416
0.0000 0.0000 0.0000 0.0000 0.0000 0.0000 0.0042 0.0034 0.0173 0.0221 0.0047 -0.0056 0.0218 -0.0289 -0.0000 -0.0075 0.0102 0.0135 10.1430
0.0000 0.0000 0.0000 0.0000 0.0000 0.0000 0.0054 0.0030 0.0162 0.0250 0.0049 -0.0056 0.0240 -0.0307 -0.0000 -0.0073 0.0100 0.0115 10.2444
0.0000 0.0000 0.0000 0.0000 0.0000 0.0000 0.0061 0.0012 0.0170 0.0262 0.0053 -0.0053 0.0277 -0.0209 -0.0005 -0.0071 0.0114 0.0102 10.3458
0.0000 0.0000 0.0000 0.0000 0.0000 0.0000 0.0072 -0.0022 0.0259 0.0202 0.0064 -0.0052 0.0336 -0.0143 -0.0012 -0.0062 0.0160 0.0089 10.4474
0.0000 0.0000 0.0000 0.0000 0.0000 0.0000 0.0071 -0.0039 0.0251 0.0196 0.0067 -0.0051 0.0349 -0.0148 -0.0018 -0.0061 0.0179 0.0051 10.5487
0.0000 0.0000 0.0000 0.0000 0.0000 0.0000 0.0059 -0.0061 0.0279 0.0155 0.0073 -0.0051 0.0349 -0.0148 -0.0026 -0.0055 0.0179 0.0051 10.6498
0.0000 0.0000 0.0000 0.0000 0.0000 0.0000 0.0059 -0.0066 0.0268 0.0149 0.0069 -0.0052 0.0422 0.0052 -0.0028 -0.0058 0.0226 0.0004 10.7515
0.0000 0.0000 0.0000 0.0000 0.0000 0.0000 0.0057 -0.0068 0.0272 -0.0115 0.0070 -0.0063 0.0285 0.0317 -0.0052 -0.0098 0.0173 -0.0155 10.8528
0.0000 0.0000 0.0000 0.0000 0.0000 0.0000 0.0059 -0.0067 0.0242 -0.0170 0.0070 -0.0084 0.0245 0.0364 -0.0061 -0.0120 0.0158 -0.0195 10.9542
0.0000 0.0000 0.0000 0.0000 0.0000 0.0000 0.0064 -0.0073 0.0204 -0.0219 0.0072 -0.0103 0.0212 0.0382 -0.0062 -0.0140 0.0123 -0.0197 11.0552
0.0000 0.0000 0.0000 0.0000 0.0000 0.0000 0.0068 -0.0078 0.0125 -0.0208 0.0070 -0.0117 0.0132 0.0296 -0.0067 -0.0166 0.0056 -0.0139 11.1562
0.0000 0.0000 0.0000 0.0000 0.0000 0.0000 0.0071 -0.0078 0.0125 -0.0209 0.0064 -0.0137 0.0132 0.0296 -0.0062 -0.0170 0.0050 -0.0124 11.2578
0.0000 0.0000 0.0000 0.0000 0.0000 0.0000 0.0071 -0.0085 0.0114 -0.0215 0.0056 -0.0147 0.0139 0.0252 -0.0057 -0.0177 0.0041 -0.0127 11.3587
0.0000 0.0000 0.0000 0.0000 0.0000 0.0000 0.0067 -0.0089 0.0131 -0.0126 0.0057 -0.0149 0.0196 0.0165 -0.0057 -0.0177 0.0066 -0.0098 11.4606
0.0000 0.0000 0.0000 0.0000 0.0000 0.0000 0.0065 -0.0096 0.0128 -0.0123 0.0042 -0.0158 0.0173 0.0145 -0.0051 -0.0166 0.0045 -0.0066 11.5619
0.0000 0.0000 0.0000 0.0000 0.0000 0.0000 0.0059 -0.0101 0.0171 0.0009 0.0036 -0.0156 0.0195 0.0038 -0.0046 -0.0161 0.0078 -0.0030 11.6630
0.0000 0.0000 0.0000 0.0000 0.0000 0.0000 0.0054 -0.0102 0.0180 0.0058 0.0030 -0.0153 0.0183 -0.0070 -0.0042 -0.0147 0.0083 -0.0010 11.7644
0.0000 0.0000 0.0000 0.0000 0.0000 0.0000 0.0052 -0.0106 0.0174 0.0100 0.0021 -0.0147 0.0166 -0.0108 -0.0038 -0.0132 0.0115 0.0016 11.8656
0.0000 0.0000 0.0000 0.0000 0.0000 0.0000 0.0047 -0.0100 0.0143 0.0148 0.0014 -0.0135 0.0136 -0.0146 -0.0031 -0.0115 0.0106 0.0054 11.9667
0.0000 0.0000 0.0000 0.0000 0.0000 0.0000 0.0038 -0.0099 0.0126 0.0167 0.0007 -0.0125 0.0120 -0.0165 -0.0021 -0.0089 0.0067 0.0082 12.0678
0.0000 0.0000 0.0000 0.0000 0.0000 0.0000 0.0034 -0.0095 0.0121 0.0161 0.0004 -0.0107 0.0121 -0.0167 -0.0017 -0.0073 0.0067 0.0082 12.1695
0.0000 0.0000 0.0000 0.0000 0.0000 0.0000 0.0026 -0.0091 0.0154 0.0129 -0.0000 -0.0096 0.0129 -0.0148 -0.0012 -0.0061 0.0046 0.0079 12.2705
0.0000 0.0000 0.0000 0.0000 0.0000 0.0000 0.0020 -0.0087 0.0176 0.0086 -0.0001 -0.0084 0.0148 -0.0124 -0.0010 -0.0055 0.0056 0.0072 12.3715
0.0000 0.0000 0.0000 0.0000 0.0000 0.0000 0.0016 -0.0080 0.0181 0.0089 -0.0007 -0.0079 0.0149 -0.0125 -0.0009 -0.0050 0.0062 0.0079 12.4730
0.0000 0.0000 0.0000 0.0000 0.0000 0.0000 0.0013 -0.0082 0.0179 0.0087 -0.0009 -0.0076 0.0152 -0.0127 -0.0008 -0.0042 0.0060 0.0077 12.5755
0.0000 0.0000 0.0000 0.0000 0.0000 0.0000 0.0008 -0.0078 0.0167 -0.0082 -0.0013 -0.0071 0.0229 0.0016 -0.0009 -0.0051 0.0096 0.0024 12.6768
0.0000 0.0000 0.0000 0.0000 0.0000 0.0000 0.0006 -0.0080 0.0118 -0.0146 -0.0018 -0.0078 0.0189 0.0142 -0.0009 -0.0051 0.0117 0.0029 12.7780
0.0000 0.0000 0.0000 0.0000 0.0000 0.0000 -0.0000 -0.0079 0.0118 -0.0145 -0.0021 -0.0073 0.0168 0.0127 -0.0013 -0.0079 0.0136 -0.0052 12.8793
0.0000 0.0000 0.0000 0.0000 0.0000 0.0000 -0.0004 -0.0083 0.0063 -0.0173 -0.0029 -0.0084 0.0105 0.0182 -0.0009 -0.0089 0.0089 -0.0118 12.9806
0.0000 0.0000 0.0000 0.0000 0.0000 0.0000 -0.0011 -0.0089 0.0059 -0.0161 -0.0034 -0.0089 0.0074 0.0166 -0.0006 -0.0119 0.0052 -0.0106 13.0821
0.0000 0.0000 0.0000 0.0000 0.0000 0.0000 -0.0014 -0.0088 0.0049 -0.0127 -0.0045 -0.0101 0.0075 0.0162 -0.0004 -0.0127 0.0026 -0.0059 13.1846
0.0000 0.0000 0.0000 0.0000 0.0000 0.0000 -0.0019 -0.0099 0.0059 -0.0107 -0.0051 -0.0109 0.0093 0.0133 -0.0005 -0.0135 0.0026 -0.0059 13.2862
0.0000 0.0000 0.0000 0.0000 0.0000 0.0000 -0.0030 -0.0097 0.0065 -0.0117 -0.0055 -0.0112 0.0093 0.0133 -0.0005 -0.0131 0.0021 -0.0042 13.3874
0.0000 0.0000 0.0000 0.0000 0.0000 0.0000 -0.0036 -0.0093 0.0094 -0.0094 -0.0055 -0.0113 0.0102 0.0077 -0.0005 -0.0131 0.0023 -0.0045 13.4884
0.0000 0.0000 0.0000 0.0000 0.0000 0.0000 -0.0036 -0.0094 0.0094 -0.0094 -0.0053 -0.0114 0.0108 0.0081 -0.0007 -0.0128 0.0033 -0.0038 13.5895
0.0000 0.0000 0.0000 0.0000 0.0000 0.0000 -0.0036 -0.0093 0.0144 0.0005 -0.0054 -0.0115 0.0108 0.0081 -0.0006 -0.0124 0.0033 -0.0038 13.6908
0.0000 0.0000 0.0000 0.0000 0.0000 0.0000 -0.0052 -0.0087 0.0144 0.0005 -0.0051 -0.0114 0.0146 -0.0036 -0.0011 -0.0123 0.0068 -0.0006 13.7920
0.0000 0.0000 0.0000 0.0000 0.0000 0.0000 -0.0047 -0.0079 0.0144 0.0005 -0.0052 -0.0116 0.0150 -0.0037 -0.0012 -0.0118 0.0078 -0.0007 13.8930
0.0000 0.0000 0.0000 0.0000 0.0000 0.0000 -0.0064 -0.0068 0.0147 0.0005 -0.0051 -0.0115 0.0150 -0.0037 -0.0011 -0.0105 0.0080 -0.0007 13.9945
0.0000 0.0000 0.0000 0.0000 0.0000 0.0000 -0.0060 -0.0056 0.0129 0.0072 -0.0048 -0.0114 0.0152 -0.0038 -0.0015 -0.0095 0.0080 -0.0007 14.0954
0.0000 0.0000 0.0000 0.0000 0.0000 0.0000 -0.0059 -0.0050 0.0149 0.0083 -0.0043 -0.0106 0.0077 -0.0122 -0.0016 -0.0091 0.0073 0.0078 14.1968
0.0000 0.0000 0.0000 0.0000 0.0000 0.0000 -0.0057 -0.0041 0.0114 0.0145 -0.0040 -0.0098 0.0059 -0.0133 -0.0013 -0.0073 0.0070 0.0075 14.2980
0.0000 0.0000 0.0000 0.0000 0.0000 0.0000 -0.0051 -0.0037 0.0098 0.0156 -0.0031 -0.0076 0.0057 -0.0128 -0.0011 -0.0047 0.0047 0.0084 14.3992
0.0000 0.0000 0.0000 0.0000 0.0000 0.0000 -0.0042 -0.0032 0.0106 0.0114 -0.0025 -0.0054 0.0054 -0.0121 -0.0011 -0.0037 0.0053 0.0063 14.5003
0.0000 0.0000 0.0000 0.0000 0.0000 0.0000 -0.0033 -0.0026 0.0108 0.0116 -0.0023 -0.0043 0.0054 -0.0121 -0.0011 -0.0032 0.0053 0.0063 14.6018
0.0000 0.0000 0.0000 0.0000 0.0000 0.0000 -0.0029 -0.0023 0.0139 0.0074 -0.0022 -0.0037 0.0064 -0.0115 -0.0010 -0.0022 0.0078 0.0050 14.7028
0.0000 0.0000 0.0000 0.0000 0.0000 0.0000 -0.0028 -0.0021 0.0145 0.0028 -0.0019 -0.0029 0.0077 -0.0102 -0.0010 -0.0017 0.0093 0.0028 14.8040
0.0000 0.0000 0.0000 0.0000 0.0000 0.0000 -0.0026 -0.0017 0.0134 -0.0051 -0.0020 -0.0026 0.0077 -0.0102 -0.0012 -0.0013 0.0101 0.0031 14.9050
0.0000 0.0000 0.0000 0.0000 0.0000 0.0000 -0.0025 -0.0015 0.0113 -0.0089 -0.0022 -0.0026 0.0112 -0.0081 -0.0016 -0.0013 0.0091 -0.0057 15.0061
0.0000 0.0000 0.0000 0.0000 0.0000 0.0000 -0.0026 -0.0015 0.0109 -0.0085 -0.0027 -0.0029 0.0112 -0.0081 -0.0022 -0.0011 0.0108 -0.0068 15.1072
0.0000 0.0000 0.0000 0.0000 0.0000 0.0000 -0.0031 -0.0011 0.0108 -0.0085 -0.0034 -0.0030 0.0152 -0.0049 -0.0038 -0.0004 0.0079 -0.0105 15.2085
0.0000 0.0000 0.0000 0.0000 0.0000 0.0000 -0.0029 -0.0008 0.0077 -0.0119 -0.0041 -0.0032 0.0149 -0.0049 -0.0043 -0.0011 0.0079 -0.0105 15.3099
0.0000 0.0000 0.0000 0.0000 0.0000 0.0000 -0.0033 -0.0008 0.0077 -0.0119 -0.0048 -0.0032 0.0149 -0.0049 -0.0050 -0.0012 0.0083 -0.0110 15.4109
0.0000 0.0000 0.0000 0.0000 0.0000 0.0000 -0.0037 -0.0007 0.0038 -0.0141 -0.0057 -0.0029 0.0143 -0.0047 -0.0048 -0.0038 0.0083 -0.0110 15.5124
0.0000 0.0000 0.0000 0.0000 0.0000 0.0000 -0.0036 -0.0006 0.0035 -0.0129 -0.0056 -0.0024 0.0033 0.0144 -0.0054 -0.0067 0.0028 -0.0123 15.6141
0.0000 0.0000 0.0000 0.0000 0.0000 0.0000 -0.0038 -0.0007 0.0038 -0.0126 -0.0066 -0.0023 0.0033 0.0143 -0.0057 -0.0076 0.0028 -0.0120 15.7153
0.0000 0.0000 0.0000 0.0000 0.0000 0.0000 -0.0043 -0.0008 0.0038 -0.0085 -0.0074 -0.0027 0.0034 0.0135 -0.0062 -0.0079 0.0028 -0.0113 15.8162
0.0000 0.0000 0.0000 0.0000 0.0000 0.0000 -0.0047 -0.0009 0.0067 -0.0077 -0.0076 -0.0034 0.0070 0.0131 -0.0058 -0.0072 0.0006 -0.0022 15.9173
0.0000 0.0000 0.0000 0.0000 0.0000 0.0000 -0.0049 -0.0008 0.0070 -0.0081 -0.0069 -0.0040 0.0070 0.0131 -0.0057 -0.0071 0.0012 -0.0033 16.0182
0.0000 0.0000 0.0000 0.0000 0.0000 0.0000 -0.0048 -0.0008 0.0070 -0.0081 -0.0067 -0.0042 0.0106 0.0077 -0.0060 -0.0065 0.0024 -0.0039 16.1196
0.0000 0.0000 0.0000 0.0000 0.0000 0.0000 -0.0044 -0.0009 0.0130 0.0005 -0.0063 -0.0044 0.0131 0.0053 -0.0061 -0.0056 0.0024 -0.0026 16.2209
0.0000 0.0000 0.0000 0.0000 0.0000 0.0000 -0.0044 -0.0011 0.0128 0.0039 -0.0061 -0.0048 0.0141 0.0015 -0.0059 -0.0048 0.0024 -0.0026 16.3220
0.0000 0.0000 0.0000 0.0000 0.0000 0.0000 -0.0040 -0.0014 0.0129 0.0039 -0.0058 -0.0042 0.0130 -0.0069 -0.0056 -0.0044 0.0057 -0.0007 16.4241
0.0000 0.0000 0.0000 0.0000 0.0000 0.0000 -0.0040 -0.0016 0.0100 0.0124 -0.0058 -0.0041 0.0101 -0.0085 -0.0044 -0.0035 0.0057 0.0008 16.5260
0.0000 0.0000 0.0000 0.0000 0.0000 0.0000 -0.0034 -0.0016 0.0088 0.0130 -0.0051 -0.0033 0.0101 -0.0085 -0.0034 -0.0026 0.0073 0.0010 16.6270
0.0000 0.0000 0.0000 0.0000 0.0000 0.0000 -0.0032 -0.0016 0.0078 0.0120 -0.0044 -0.0029 0.0087 -0.0100 -0.0026 -0.0019 0.0059 0.0039 16.7282
0.0000 0.0000 0.0000 0.0000 0.0000 0.0000 -0.0029 -0.0014 0.0073 0.0112 -0.0038 -0.0025 0.0091 -0.0105 -0.0022 -0.0016 0.0048 0.0033 16.8294
0.0000 0.0000 0.0000 0.0000 0.0000 0.0000 -0.0023 -0.0011 0.0073 0.0112 -0.0034 -0.0023 0.0054 -0.0081 -0.0017 -0.0010 0.0049 0.0033 16.9303
0.0000 0.0000 0.0000 0.0000 0.0000 0.0000 -0.0026 -0.0011 0.0069 0.0106 -0.0031 -0.0021 0.0053 -0.0079 -0.0014 -0.0006 0.0049 0.0033 17.0317
0.0000 0.0000 0.0000 0.0000 0.0000 0.0000 -0.0024 -0.0010 0.0117 0.0050 -0.0023 -0.0015 0.0059 -0.0075 -0.0018 -0.0004 0.0035 0.0025 17.1330
0.0000 0.0000 0.0000 0.0000 0.0000 0.0000 -0.0021 -0.0008 0.0076 -0.0029 -0.0022 -0.0014 0.0079 -0.0037 -0.0017 0.0004 0.0051 -0.0004 17.2343
0.0000 0.0000 0.0000 0.0000 0.0000 0.0000 -0.0015 -0.0006 0.0075 -0.0029 -0.0023 -0.0015 0.0103 -0.0048 -0.0012 0.0006 0.0056 -0.0004 17.3360
0.0000 0.0000 0.0000 0.0000 0.0000 0.0000 -0.0019 -0.0006 0.0082 -0.0031 -0.0021 -0.0014 0.0103 -0.0048 -0.0009 0.0003 0.0056 -0.0004 17.4374
0.0000 0.0000 0.0000 0.0000 0.0000 0.0000 -0.0018 -0.0004 0.0081 -0.0031 -0.0019 -0.0013 0.0107 -0.0050 -0.0006 0.0003 0.0060 -0.0004 17.5384
0.0000 0.0000 0.0000 0.0000 0.0000 0.0000 -0.0017 -0.0002 0.0094 -0.0036 -0.0018 -0.0011 0.0094 0.0066 -0.0010 0.0005 0.0042 -0.0057 17.6395
0.0000 0.0000 0.0000 0.0000 0.0000 0.0000 -0.0017 -0.0001 0.0061 -0.0072 -0.0019 -0.0012 0.0105 0.0066 -0.0010 0.0007 0.0036 -0.0052 17.7405
0.0000 0.0000 0.0000 0.0000 0.0000 0.0000 -0.0020 -0.0001 0.0057 -0.0068 -0.0018 -0.0012 0.0109 0.0068 -0.0008 0.0007 0.0035 -0.0050 17.8422
0.0000 0.0000 0.0000 0.0000 0.0000 0.0000 -0.0019 0.0000 0.0067 -0.0074 -0.0017 -0.0011 0.0119 0.0041 -0.0009 0.0003 0.0040 -0.0051 17.9439
0.0000 0.0000 0.0000 0.0000 0.0000 0.0000 -0.0014 0.0000 0.0067 -0.0074 -0.0019 -0.0012 0.0125 -0.0022 -0.0014 0.0001 0.0057 -0.0045 18.0453
0.0000 0.0000 0.0000 0.0000 0.0000 0.0000 -0.0009 0.0000 0.0095 -0.0029 -0.0018 -0.0011 0.0125 -0.0022 -0.0015 -0.0005 0.0057 -0.0045 18.1470
0.0000 0.0000 0.0000 0.0000 0.0000 0.0000 -0.0010 0.0001 0.0095 -0.0029 -0.0021 -0.0011 0.0132 -0.0061 -0.0010 -0.0009 0.0078 -0.0037 18.2484
0.0000 0.0000 0.0000 0.0000 0.0000 0.0000 -0.0011 0.0001 0.0091 -0.0028 -0.0021 -0.0011 0.0132 -0.0061 -0.0010 -0.0009 0.0078 -0.0037 18.3494
0.0000 0.0000 0.0000 0.0000 0.0000 0.0000 -0.0011 0.0001 0.0091 -0.0028 -0.0017 -0.0007 0.0130 -0.0061 -0.0015 -0.0019 0.0089 -0.0041 18.4506
0.0000 0.0000 0.0000 0.0000 0.0000 0.0000 -0.0009 0.0001 0.0085 0.0098 -0.0016 -0.0007 0.0134 -0.0063 -0.0018 -0.0022 0.0093 -0.0043 18.5519
0.0000 0.0000 0.0000 0.0000 0.0000 0.0000 -0.0009 0.0001 0.0085 0.0098 -0.0016 -0.0007 0.0066 -0.0129 -0.0016 -0.0032 0.0086 0.0062 18.6528
0.0000 0.0000 0.0000 0.0000 0.0000 0.0000 -0.0009 0.0001 0.0068 0.0078 -0.0020 -0.0005 0.0066 -0.0129 -0.0003 -0.0010 0.0061 0.0086 18.7546
0.0000 0.0000 0.0000 0.0000 0.0000 0.0000 -0.0011 0.0004 0.0046 0.0099 -0.0022 -0.0004 0.0019 -0.0061 -0.0003 -0.0013 0.0038 0.0059 18.8563
0.0000 0.0000 0.0000 0.0000 0.0000 0.0000 -0.0006 0.0003 0.0034 0.0073 -0.0018 -0.0001 0.0012 -0.0038 -0.0002 -0.0010 0.0035 0.0054 18.9578
0.0000 0.0000 0.0000 0.0000 0.0000 0.0000 -0.0008 0.0006 0.0058 0.0052 -0.0021 -0.0001 0.0006 -0.0021 -0.0000 -0.0004 0.0034 0.0026 19.0587
0.0000 0.0000 0.0000 0.0000 0.0000 0.0000 -0.0009 0.0006 0.0064 0.0037 -0.0020 -0.0002 0.0010 -0.0024 -0.0000 -0.0007 0.0031 0.0013 19.1602
0.0000 0.0000 0.0000 0.0000 0.0000 0.0000 -0.0007 0.0005 0.0060 0.0035 -0.0024 -0.0001 0.0008 -0.0019 0.0002 -0.0013 0.0030 -0.0003 19.2619
0.0000 0.0000 0.0000 0.0000 0.0000 0.0000 -0.0006 0.0007 0.0061 0.0003 -0.0028 -0.0001 0.0027 -0.0026 0.0006 -0.0025 0.0026 -0.0003 19.3634
0.0000 0.0000 0.0000 0.0000 0.0000 0.0000 -0.0007 0.0014 0.0048 -0.0042 -0.0022 0.0010 0.0056 0.0004 0.0016 -0.0025 0.0019 -0.0015 19.4651
0.0000 0.0000 0.0000 0.0000 0.0000 0.0000 -0.0008 0.0022 0.0040 -0.0046 -0.0022 0.0010 0.0050 0.0023 0.0019 -0.0023 0.0024 -0.0028 19.5664
0.0000 0.0000 0.0000 0.0000 0.0000 0.0000 -0.0008 0.0021 0.0040 -0.0046 -0.0018 0.0008 0.0051 0.0024 0.0018 -0.0022 0.0028 -0.0032 19.6681
0.0000 0.0000 0.0000 0.0000 0.0000 0.0000 -0.0006 0.0024 0.0043 -0.0049 -0.0019 0.0005 0.0063 0.0029 0.0020 -0.0023 0.0028 -0.0032 19.7702
0.0000 0.0000 0.0000 0.0000 0.0000 0.0000 -0.0006 0.0029 0.0041 -0.0047 -0.0021 0.0004 0.0063 0.0029 0.0023 -0.0027 0.0027 -0.0031 19.8713
0.0000 0.0000 0.0000 0.0000 0.0000 0.0000 -0.0004 0.0031 0.0045 -0.0052 -0.0018 0.0001 0.0065 0.0030 0.0022 -0.0026 0.0027 -0.0031 19.9722
0.0000 0.0000 0.0000 0.0000 0.0000 0.0000 0.0000 0.0029 0.0045 -0.0052 -0.0016 0.0000 0.0064 0.0030 0.0023 -0.0026 0.0029 -0.0034 20.0732
0.0000 0.0000 0.0000 0.0000 0.0000 0.0000 0.0001 0.0036 0.0047 -0.0050 -0.0017 -0.0001 0.0064 0.0030 0.0025 -0.0028 0.0030 -0.0035 20.1749
0.0000 0.0000 0.0000 0.0000 0.0000 0.0000 0.0004 0.0036 0.0065 -0.0047 -0.0016 -0.0001 0.0048 -0.0083 0.0024 -0.0029 0.0046 -0.0031 20.2767
0.0000 0.0000 0.0000 0.0000 0.0000 0.0000 0.0007 0.0037 0.0070 -0.0051 -0.0016 -0.0000 0.0048 -0.0083 0.0022 -0.0028 0.0059 -0.0022 20.3775
0.0000 0.0000 0.0000 0.0000 0.0000 0.0000 0.0011 0.0039 0.0070 -0.0051 -0.0017 0.0000 0.0048 -0.0083 0.0023 -0.0029 0.0060 -0.0023 20.4789
0.0000 0.0000 0.0000 0.0000 0.0000 0.0000 0.0014 0.0040 0.0070 -0.0051 -0.0014 0.0001 0.0048 -0.0083 0.0022 -0.0028 0.0066 -0.0025 20.5804
0.0000 0.0000 0.0000 0.0000 0.0000 0.0000 0.0014 0.0039 0.0070 -0.0051 -0.0014 0.0001 0.0048 -0.0083 0.0022 -0.0028 0.0066 -0.0025 20.6815
0.0000 0.0000 0.0000 0.0000 0.0000 0.0000 0.0021 0.0036 0.0083 0.0058 -0.0014 0.0001 0.0019 -0.0091 0.0023 -0.0029 0.0047 0.0041 20.7830
0.0000 0.0000 0.0000 0.0000 0.0000 0.0000 0.0029 0.0033 0.0082 0.0057 -0.0013 0.0003 0.0019 -0.0091 0.0024 -0.0029 0.0046 0.0040 20.8845
0.0000 0.0000 0.0000 0.0000 0.0000 0.0000 0.0035 0.0026 0.0042 0.0098 -0.0017 0.0013 0.0016 -0.0093 0.0016 -0.0017 0.0029 0.0049 20.9859
0.0000 0.0000 0.0000 0.0000 0.0000 0.0000 0.0038 0.0009 0.0042 0.0098 -0.0016 0.0012 0.0004 -0.0024 0.0009 -0.0009 0.0029 0.0049 21.0869
0.0000 0.0000 0.0000 0.0000 0.0000 0.0000 0.0044 -0.0011 0.0045 0.0081 -0.0014 0.0015 0.0005 -0.0029 0.0010 -0.0007 0.0029 0.0049 21.1887
0.0000 0.0000 0.0000 0.0000 0.0000 0.0000 0.0040 -0.0028 0.0073 0.0053 -0.0014 0.0030 0.0010 -0.0050 0.0012 -0.0004 0.0029 0.0049 21.2916
0.0000 0.0000 0.0000 0.0000 0.0000 0.0000 0.0030 -0.0029 0.0068 0.0032 -0.0007 0.0020 0.0010 -0.0048 0.0013 -0.0001 0.0029 0.0049 21.3927
0.0000 0.0000 0.0000 0.0000 0.0000 0.0000 0.0031 -0.0033 0.0075 0.0012 -0.0004 0.0017 0.0018 -0.0039 0.0017 0.0008 0.0034 -0.0020 21.4944
0.0000 0.0000 0.0000 0.0000 0.0000 0.0000 0.0033 -0.0034 0.0069 -0.0023 -0.0004 0.0017 0.0012 -0.0027 0.0020 0.0015 0.0042 -0.0025 21.5954
0.0000 0.0000 0.0000 0.0000 0.0000 0.0000 0.0032 -0.0025 0.0057 -0.0034 -0.0000 0.0015 0.0018 -0.0030 0.0010 0.0020 0.0039 -0.0033 21.6967
0.0000 0.0000 0.0000 0.0000 0.0000 0.0000 0.0030 -0.0020 0.0046 -0.0041 0.0001 0.0020 0.0022 -0.0028 0.0008 0.0015 0.0039 -0.0033 21.7981
0.0000 0.0000 0.0000 0.0000 0.0000 0.0000 0.0027 -0.0015 0.0046 -0.0041 0.0004 0.0020 0.0061 0.0010 0.0011 0.0013 0.0039 -0.0033 21.8992
0.0000 0.0000 0.0000 0.0000 0.0000 0.0000 0.0026 -0.0013 0.0046 -0.0041 0.0008 0.0027 0.0063 0.0010 0.0014 0.0010 0.0039 -0.0033 22.0001
0.0000 0.0000 0.0000 0.0000 0.0000 0.0000 0.0025 -0.0010 0.0031 -0.0041 0.0011 0.0030 0.0063 0.0010 0.0017 0.0009 0.0039 -0.0033 22.1011
0.0000 0.0000 0.0000 0.0000 0.0000 0.0000 0.0021 -0.0008 0.0033 -0.0040 0.0015 0.0031 0.0063 0.0010 0.0022 0.0004 0.0039 -0.0033 22.2021
0.0000 0.0000 0.0000 0.0000 0.0000 0.0000 0.0022 -0.0005 0.0038 -0.0046 0.0020 0.0036 0.0063 0.0010 0.0024 -0.0000 0.0039 -0.0033 22.3032
0.0000 0.0000 0.0000 0.0000 0.0000 0.0000 0.0026 -0.0003 0.0038 -0.0046 0.0030 0.0031 0.0052 0.0038 0.0022 -0.0012 0.0039 -0.0033 22.4043
0.0000 0.0000 0.0000 0.0000 0.0000 0.0000 0.0026 0.0005 0.0038 -0.0047 0.0039 0.0024 0.0046 0.0034 0.0023 -0.0018 0.0039 -0.0033 22.5056
0.0000 0.0000 0.0000 0.0000 0.0000 0.0000 0.0032 0.0014 0.0058 -0.0017 0.0044 0.0021 0.0053 0.0024 0.0027 -0.0021 0.0039 -0.0033 22.6065
0.0000 0.0000 0.0000 0.0000 0.0000 0.0000 0.0034 0.0018 0.0063 0.0004 0.0052 0.0012 0.0082 -0.0028 0.0030 -0.0024 0.0039 -0.0033 22.7078
0.0000 0.0000 0.0000 0.0000 0.0000 0.0000 0.0034 0.0021 0.0062 0.0004 0.0050 -0.0012 0.0082 -0.0028 0.0037 -0.0023 0.0039 -0.0033 22.8089
0.0000 0.0000 0.0000 0.0000 0.0000 0.0000 0.0030 0.0018 0.0062 0.0004 0.0052 -0.0017 0.0078 -0.0027 0.0041 -0.0026 0.0039 -0.0033 22.9104
0.0000 0.0000 0.0000 0.0000 0.0000 0.0000 0.0032 0.0017 0.0062 0.0004 0.0058 -0.0020 0.0071 -0.0025 0.0045 -0.0027 0.0019 -0.0036 23.0115
0.0000 0.0000 0.0000 0.0000 0.0000 0.0000 0.0038 0.0007 0.0035 0.0063 0.0062 -0.0018 0.0071 -0.0025 0.0041 -0.0028 0.0019 -0.0036 23.1128
0.0000 0.0000 0.0000 0.0000 0.0000 0.0000 0.0039 -0.0003 0.0045 0.0080 0.0064 -0.0016 0.0026 -0.0077 0.0042 -0.0029 0.0074 0.0006 23.2141
0.0000 0.0000 0.0000 0.0000 0.0000 0.0000 0.0044 -0.0009 0.0042 0.0075 0.0071 -0.0015 0.0026 -0.0077 0.0047 -0.0035 0.0081 0.0007 23.3160
0.0000 0.0000 0.0000 0.0000 0.0000 0.0000 0.0039 -0.0021 0.0042 0.0075 0.0074 -0.0014 0.0015 -0.0043 0.0049 -0.0040 0.0080 0.0007 23.4173
0.0000 0.0000 0.0000 0.0000 0.0000 0.0000 0.0043 -0.0023 0.0069 0.0052 0.0076 -0.0013 0.0015 -0.0043 0.0055 -0.0040 0.0082 0.0007 23.5182
0.0000 0.0000 0.0000 0.0000 0.0000 0.0000 0.0042 -0.0020 0.0044 0.0033 0.0077 -0.0018 0.0006 -0.0046 0.0062 -0.0036 0.0052 0.0064 23.6199
0.0000 0.0000 0.0000 0.0000 0.0000 0.0000 0.0047 -0.0018 0.0055 -0.0000 0.0075 -0.0026 0.0010 -0.0045 0.0054 -0.0024 0.0034 0.0035 23.7219
0.0000 0.0000 0.0000 0.0000 0.0000 0.0000 0.0045 -0.0010 0.0055 -0.0000 0.0064 -0.0036 0.0010 -0.0045 0.0050 -0.0012 0.0034 0.0035 23.8231
0.0000 0.0000 0.0000 0.0000 0.0000 0.0000 0.0044 -0.0010 0.0038 -0.0000 0.0056 -0.0032 0.0012 -0.0036 0.0044 -0.0006 0.0034 0.0035 23.9241
0.0000 0.0000 0.0000 0.0000 0.0000 0.0000 0.0035 -0.0008 0.0038 -0.0000 0.0052 -0.0030 0.0012 -0.0038 0.0038 -0.0005 0.0036 0.0035 24.0253
0.0000 0.0000 0.0000 0.0000 0.0000 0.0000 0.0032 -0.0011 0.0038 -0.0000 0.0052 -0.0022 0.0012 -0.0038 0.0033 -0.0006 0.0036 0.0035 24.1262
0.0000 0.0000 0.0000 0.0000 0.0000 0.0000 0.0028 -0.0011 0.0038 -0.0000 0.0049 -0.0017 0.0014 -0.0030 0.0033 -0.0007 0.0054 0.0025 24.2273
0.0000 0.0000 0.0000 0.0000 0.0000 0.0000 0.0027 -0.0014 0.0039 -0.0014 0.0050 -0.0013 0.0014 -0.0030 0.0034 -0.0008 0.0053 0.0025 24.3284
0.0000 0.0000 0.0000 0.0000 0.0000 0.0000 0.0028 -0.0015 0.0034 -0.0012 0.0046 -0.0013 0.0014 -0.0030 0.0033 -0.0008 0.0053 0.0025 24.4303
0.0000 0.0000 0.0000 0.0000 0.0000 0.0000 0.0026 -0.0013 0.0031 -0.0023 0.0043 -0.0012 0.0031 0.0015 0.0034 -0.0008 0.0022 -0.0047 24.5319
0.0000 0.0000 0.0000 0.0000 0.0000 0.0000 0.0022 -0.0011 0.0010 -0.0026 0.0041 -0.0015 0.0035 0.0042 0.0032 -0.0005 0.0017 -0.0050 24.6332
0.0000 0.0000 0.0000 0.0000 0.0000 0.0000 0.0022 -0.0011 0.0004 -0.0012 0.0044 -0.0017 0.0027 0.0041 0.0033 -0.0005 0.0007 -0.0053 24.7348
0.0000 0.0000 0.0000 0.0000 0.0000 0.0000 0.0022 -0.0010 0.0004 -0.0010 0.0040 -0.0015 0.0014 0.0036 0.0035 -0.0007 0.0007 -0.0053 24.8363
0.0000 0.0000 0.0000 0.0000 0.0000 0.0000 0.0020 -0.0009 0.0003 -0.0010 0.0040 -0.0014 0.0016 0.0029 0.0030 -0.0023 0.0009 -0.0039 24.9380
0.0000 0.0000 0.0000 0.0000 0.0000 0.0000 0.0018 -0.0007 0.0004 -0.0012 0.0037 -0.0013 0.0027 0.0029 0.0027 -0.0030 0.0012 -0.0032 25.0392
0.0000 0.0000 0.0000 0.0000 0.0000 0.0000 0.0013 -0.0006 0.0001 -0.0003 0.0040 -0.0015 0.0034 0.0024 0.0022 -0.0030 0.0015 -0.0029 25.1410
0.0000 0.0000 0.0000 0.0000 0.0000 0.0000 0.0014 -0.0008 0.0003 -0.0007 0.0035 -0.0016 0.0036 0.0016 0.0022 -0.0032 0.0023 -0.0036 25.2547
0.0000 0.0000 0.0000 0.0000 0.0000 0.0000 0.0013 -0.0009 0.0009 -0.0021 0.0035 -0.0019 0.0042 -0.0007 0.0019 -0.0035 0.0042 -0.0031 25.3560
0.0000 0.0000 0.0000 0.0000 0.0000 0.0000 0.0014 -0.0010 0.0008 -0.0021 0.0034 -0.0021 0.0053 -0.0023 0.0020 -0.0038 0.0054 -0.0025 25.4576
0.0000 0.0000 0.0000 0.0000 0.0000 0.0000 0.0015 -0.0012 0.0011 -0.0030 0.0034 -0.0021 0.0053 -0.0023 0.0020 -0.0038 0.0054 -0.0025 25.5587
0.0000 0.0000 0.0000 0.0000 0.0000 0.0000 0.0012 -0.0010 0.0013 -0.0046 0.0033 -0.0020 0.0073 -0.0055 0.0022 -0.0042 0.0063 -0.0012 25.6598
0.0000 0.0000 0.0000 0.0000 0.0000 0.0000 0.0012 -0.0011 0.0006 -0.0016 0.0035 -0.0025 0.0057 -0.0078 0.0018 -0.0043 0.0077 0.0021 25.7614
0.0000 0.0000 0.0000 0.0000 0.0000 0.0000 0.0015 -0.0013 0.0006 -0.0015 0.0036 -0.0026 0.0051 -0.0082 0.0016 -0.0038 0.0089 0.0031 25.8626
0.0000 0.0000 0.0000 0.0000 0.0000 0.0000 0.0014 -0.0014 0.0007 -0.0018 0.0033 -0.0027 0.0038 -0.0061 0.0013 -0.0032 0.0088 0.0030 25.9645
0.0000 0.0000 0.0000 0.0000 0.0000 0.0000 0.0011 -0.0012 0.0014 -0.0047 0.0030 -0.0028 0.0033 -0.0057 0.0013 -0.0031 0.0086 0.0018 26.0665
0.0000 0.0000 0.0000 0.0000 0.0000 0.0000 0.0015 -0.0016 0.0010 -0.0043 0.0031 -0.0031 0.0026 -0.0044 0.0014 -0.0028 0.0081 0.0000 26.1675
0.0000 0.0000 0.0000 0.0000 0.0000 0.0000 0.0015 -0.0015 0.0010 -0.0046 0.0025 -0.0028 0.0028 -0.0043 0.0017 -0.0029 0.0081 0.0000 26.2686
0.0000 0.0000 0.0000 0.0000 0.0000 0.0000 0.0011 -0.0014 0.0012 -0.0054 0.0023 -0.0028 0.0030 -0.0040 0.0028 -0.0034 0.0072 -0.0029 26.3697
0.0000 0.0000 0.0000 0.0000 0.0000 0.0000 0.0013 -0.0020 0.0012 -0.0046 0.0020 -0.0027 0.0046 -0.0036 0.0037 -0.0024 0.0058 -0.0052 26.4712
0.0000 0.0000 0.0000 0.0000 0.0000 0.0000 0.0011 -0.0019 0.0014 -0.0049 0.0020 -0.0031 0.0060 -0.0020 0.0042 -0.0022 0.0054 -0.0057 26.5723
0.0000 0.0000 0.0000 0.0000 0.0000 0.0000 0.0011 -0.0021 0.0014 -0.0048 0.0021 -0.0035 0.0052 -0.0017 0.0040 -0.0024 0.0064 -0.0069 26.6734
0.0000 0.0000 0.0000 0.0000 0.0000 0.0000 0.0012 -0.0023 0.0014 -0.0048 0.0021 -0.0035 0.0049 0.0014 0.0047 -0.0029 0.0067 -0.0083 26.7745
0.0000 0.0000 0.0000 0.0000 0.0000 0.0000 0.0009 -0.0024 0.0013 -0.0037 0.0023 -0.0033 0.0061 0.0018 0.0044 -0.0046 0.0064 -0.0079 26.8758
0.0000 0.0000 0.0000 0.0000 0.0000 0.0000 0.0011 -0.0030 0.0014 -0.0030 0.0029 -0.0039 0.0072 0.0004 0.0043 -0.0053 0.0068 -0.0063 26.9770
0.0000 0.0000 0.0000 0.0000 0.0000 0.0000 0.0011 -0.0034 0.0015 -0.0030 0.0033 -0.0039 0.0068 -0.0015 0.0041 -0.0056 0.0078 -0.0065 27.0783
0.0000 0.0000 0.0000 0.0000 0.0000 0.0000 0.0010 -0.0033 0.0015 -0.0030 0.0036 -0.0043 0.0068 -0.0015 0.0042 -0.0062 0.0080 -0.0067 27.1792
