1.9820 3.4660 2.4000 3.1090 1.5900 3.0990 2.7580 2.5600 1.1470 2.8980 2.4740 1.8980 1.2290 2.2990 2.1470 1.5860 1.3850 1.7960 0.0000
1.9820 3.4660 2.4000 3.1090 1.5900 3.0990 2.7580 2.5600 1.1470 2.8980 2.4740 1.8980 1.2290 2.2990 2.1470 1.5860 1.3850 1.7960 0.1013
1.9820 3.4660 2.4000 3.1090 1.5900 3.0990 2.7580 2.5600 1.1470 2.8980 2.4740 1.8980 1.2290 2.2990 2.1460 1.5860 1.3850 1.7960 0.2023
1.9820 3.4660 2.4000 3.1090 1.5900 3.0990 2.7580 2.5610 1.1480 2.8960 2.4710 1.9000 1.2230 2.3020 2.1470 1.5820 1.3840 1.7960 0.3035
1.9820 3.4660 2.4000 3.1090 1.5900 3.0990 2.7590 2.5600 1.1480 2.8940 2.4720 1.8980 1.2210 2.3030 2.1470 1.5780 1.3870 1.7960 0.4044
1.9820 3.4660 2.4000 3.1090 1.5900 3.0990 2.7600 2.5570 1.1470 2.8960 2.4710 1.8980 1.2150 2.3060 2.1470 1.5720 1.3910 1.7970 0.5055
1.9810 3.4660 2.4000 3.1090 1.5900 3.0990 2.7610 2.5550 1.1460 2.8950 2.4710 1.8970 1.2040 2.3120 2.1460 1.5610 1.3970 1.7970 0.6068
1.9820 3.4660 2.4000 3.1090 1.5900 3.0990 2.7620 2.5530 1.1460 2.8960 2.4710 1.8970 1.2000 2.3150 2.1460 1.5610 1.4000 1.7970 0.7080
1.9820 3.4660 2.4000 3.1090 1.5900 3.0990 2.7620 2.5500 1.1450 2.8960 2.4730 1.8970 1.1920 2.3200 2.1450 1.5560 1.4010 1.7980 0.8094
1.9820 3.4660 2.4000 3.1090 1.5900 3.0990 2.7620 2.5460 1.1440 2.8970 2.4760 1.8970 1.1820 2.3270 2.1440 1.5570 1.4030 1.7990 0.9104
1.9820 3.4660 2.4000 3.1090 1.5900 3.0990 2.7610 2.5440 1.1440 2.8980 2.4790 1.8980 1.1780 2.3300 2.1440 1.5580 1.4030 1.7990 1.0116
1.9810 3.4660 2.4000 3.1090 1.5900 3.0990 2.7600 2.5400 1.1440 2.8990 2.4830 1.9010 1.1720 2.3350 2.1430 1.5600 1.4020 1.7980 1.1131
1.9810 3.4660 2.4000 3.1090 1.5900 3.0990 2.7600 2.5400 1.1440 2.8990 2.4830 1.9010 1.1720 2.3350 2.1430 1.5600 1.4020 1.7980 1.2214
1.9820 3.4660 2.4000 3.1090 1.5900 3.0990 2.7580 2.5370 1.1440 2.9000 2.4870 1.9020 1.1670 2.3400 2.1450 1.5610 1.4030 1.7990 1.3234
1.9820 3.4660 2.4000 3.1090 1.5900 3.0990 2.7540 2.5330 1.1450 2.9020 2.4890 1.9030 1.1630 2.3460 2.1480 1.5630 1.4040 1.8030 1.4245
1.9820 3.4660 2.4000 3.1090 1.5900 3.0990 2.7500 2.5300 1.1460 2.9030 2.4920 1.9040 1.1600 2.3520 2.1500 1.5650 1.4040 1.8070 1.5256
1.9820 3.4660 2.4000 3.1090 1.5900 3.0990 2.7500 2.5300 1.1460 2.9030 2.4920 1.9040 1.1600 2.3520 2.1500 1.5650 1.4040 1.8070 1.6266
1.9820 3.4660 2.4000 3.1090 1.5900 3.0990 2.7420 2.5270 1.1470 2.9040 2.4930 1.9040 1.1570 2.3590 2.1520 1.5660 1.4040 1.8120 1.7279
1.9810 3.4660 2.4000 3.1090 1.5900 3.0990 2.7330 2.5250 1.1480 2.9040 2.4940 1.9040 1.1570 2.3660 2.1540 1.5690 1.4040 1.8180 1.8291
1.9820 3.4660 2.4000 3.1090 1.5900 3.0990 2.7240 2.5240 1.1500 2.9020 2.4960 1.9060 1.1560 2.3730 2.1560 1.5740 1.4040 1.8240 1.9300
1.9820 3.4660 2.4000 3.1090 1.5900 3.0990 2.7190 2.5240 1.1530 2.8990 2.4980 1.9090 1.1570 2.3770 2.1570 1.5780 1.4030 1.8290 2.0309
1.9810 3.4660 2.4000 3.1090 1.5900 3.0990 2.7100 2.5240 1.1530 2.8990 2.5420 2.0230 1.1580 2.3830 2.1590 1.5860 1.4040 1.8360 2.1325
1.9820 3.4660 2.4000 3.1090 1.5900 3.0990 2.7030 2.5240 1.1560 2.8920 2.5430 2.0280 1.1590 2.3880 2.1590 1.5930 1.4040 1.8400 2.2336
1.9820 3.4660 2.4000 3.1090 1.5900 3.0990 2.6930 2.5250 1.1590 2.8840 2.5440 2.0380 1.1600 2.3920 2.1600 1.6030 1.4060 1.8480 2.3346
1.9820 3.4660 2.4000 3.1090 1.5900 3.0990 2.6890 2.5260 1.1600 2.8810 2.5440 2.0400 1.1600 2.3930 2.1600 1.6120 1.4070 1.8540 2.4357
1.9820 3.4660 2.4000 3.1090 1.5900 3.0990 2.6790 2.5280 1.1630 2.8750 2.5430 2.0490 1.1600 2.3950 2.1600 1.6250 1.4090 1.8640 2.5370
1.9820 3.4660 2.4000 3.1090 1.5900 3.0990 2.6700 2.5310 1.1650 2.8720 2.5420 2.0580 1.1600 2.3960 2.1600 1.6340 1.4110 1.8700 2.6381
1.9820 3.4660 2.4000 3.1090 1.5900 3.0990 2.6610 2.5340 1.1680 2.8680 2.5400 2.0690 1.1610 2.3980 2.1610 1.6460 1.4130 1.8780 2.7401
1.9810 3.4660 2.4000 3.1090 1.5900 3.0990 2.6550 2.5370 1.1700 2.8660 2.5380 2.0770 1.1620 2.3980 2.1610 1.6540 1.4160 1.8850 2.8412
1.9820 3.4660 2.4000 3.1090 1.5900 3.0990 2.6440 2.5420 1.1750 2.8630 2.5350 2.0900 1.1630 2.4000 2.1610 1.6680 1.4200 1.8970 2.9422
1.9810 3.4660 2.4000 3.1090 1.5900 3.0990 2.6380 2.5450 1.1780 2.8610 2.5330 2.0970 1.1640 2.4000 2.1610 1.6750 1.4220 1.9030 3.0433
1.9820 3.4660 2.4000 3.1090 1.5900 3.0990 2.6270 2.5500 1.1860 2.8580 2.5300 2.1100 1.1670 2.4000 2.1610 1.6890 1.4660 2.0260 3.1445
1.9820 3.4660 2.4000 3.1090 1.5900 3.0990 2.6210 2.5530 1.1900 2.8570 2.5280 2.1170 1.1680 2.3990 2.1620 1.6990 1.4680 2.0310 3.2455
1.9810 3.4660 2.4000 3.1090 1.5900 3.0990 2.6080 2.5600 1.2040 2.8540 2.5250 2.1320 1.1720 2.3960 2.1620 1.7120 1.4730 2.0430 3.3472
1.9820 3.4660 2.4000 3.1090 1.5900 3.0990 2.6030 2.5630 1.2100 2.8530 2.5240 2.1380 1.1720 2.3950 2.1620 1.7190 1.4760 2.0480 3.4484
1.9820 3.4660 2.4000 3.1090 1.5900 3.0990 2.5960 2.5670 1.2180 2.8520 2.5220 2.1470 1.1730 2.3950 2.1620 1.7260 1.4790 2.0540 3.5500
1.9820 3.4660 2.4000 3.1090 1.5900 3.0990 2.5910 2.5700 1.2230 2.8510 2.5200 2.1530 1.1720 2.3940 2.1630 1.7320 1.4800 2.0570 3.6511
1.9820 3.4660 2.4000 3.1090 1.5900 3.0990 2.5800 2.5770 1.2350 2.8480 2.5170 2.1670 1.1730 2.3930 2.1630 1.7460 1.4830 2.0610 3.7525
1.9820 3.4660 2.4000 3.1090 1.5900 3.0990 2.5750 2.5800 1.2410 2.8470 2.5150 2.1740 1.1740 2.3930 2.1630 1.7530 1.4840 2.0620 3.8538
1.9810 3.4660 2.4000 3.1090 1.5900 3.0990 2.5700 2.5840 1.2460 2.8450 2.5140 2.1800 1.1750 2.3930 2.1630 1.7600 1.4840 2.0620 3.9548
1.9820 3.4660 2.4000 3.1090 1.5900 3.0990 2.5600 2.5910 1.2570 2.8420 2.5100 2.1930 1.1810 2.3960 2.1630 1.7750 1.4850 2.0630 4.0565
1.9820 3.4660 2.4000 3.1090 1.5900 3.0990 2.5500 2.5980 1.2670 2.8390 2.5070 2.2060 1.1920 2.4020 2.1630 1.7880 1.4850 2.0630 4.1576
1.9820 3.4660 2.4000 3.1090 1.5900 3.0990 2.5460 2.6010 1.2720 2.8370 2.5060 2.2130 1.1980 2.4060 2.1630 1.7940 1.4860 2.0630 4.2588
1.9820 3.4660 2.4000 3.1090 1.5900 3.0990 2.5370 2.6090 1.2830 2.8310 2.5020 2.2260 1.2070 2.4110 2.1640 1.8080 1.4910 2.0620 4.3600
1.9820 3.4660 2.4000 3.1090 1.5900 3.0990 2.5370 2.6090 1.2830 2.8310 2.5020 2.2260 1.2070 2.4110 2.1640 1.8080 1.4910 2.0620 4.4609
1.9820 3.4660 2.4000 3.1090 1.5900 3.0990 2.5270 2.6170 1.2960 2.8250 2.4990 2.2410 1.2170 2.4160 2.1640 1.8220 1.5010 2.0600 4.5627
1.9820 3.4660 2.4000 3.1090 1.5900 3.0990 2.5150 2.6290 1.3030 2.8220 2.4940 2.2610 1.2310 2.4210 2.1650 1.8410 1.5160 2.0580 4.6648
1.9820 3.4660 2.4000 3.1090 1.5900 3.0990 2.5150 2.6290 1.3030 2.8220 2.4940 2.2610 1.2310 2.4210 2.1650 1.8410 1.5160 2.0580 4.7663
1.9820 3.4660 2.4000 3.1090 1.5900 3.0990 2.5050 2.6410 1.3030 2.8200 2.4900 2.2790 1.2440 2.4240 2.1650 1.8610 1.5210 2.0580 4.8677
1.9820 3.4660 2.4000 3.1090 1.5900 3.0990 2.5050 2.6410 1.3030 2.8200 2.4900 2.2790 1.2440 2.4240 2.1650 1.8610 1.5210 2.0580 4.9690
1.9820 3.4660 2.4000 3.1090 1.5900 3.0990 2.5050 2.6410 1.3030 2.8200 2.4900 2.2790 1.2440 2.4240 2.1650 1.8610 1.5210 2.0580 5.0708
1.9820 3.4660 2.4000 3.1090 1.5900 3.0990 2.5050 2.6410 1.3030 2.8200 2.4900 2.2790 1.2440 2.4240 2.1650 1.8610 1.5210 2.0580 5.1726
1.9820 3.4660 2.4000 3.1090 1.5900 3.0990 2.4890 2.6620 1.3050 2.8210 2.4820 2.3120 1.2650 2.4270 2.1650 1.9000 1.5380 2.0650 5.2738
1.9820 3.4660 2.4000 3.1090 1.5900 3.0990 2.4860 2.6670 1.3070 2.8220 2.4800 2.3190 1.2740 2.4260 2.1660 1.9070 1.5450 2.0690 5.3748
1.9820 3.4660 2.4000 3.1090 1.5900 3.0990 2.4840 2.6710 1.3110 2.8220 2.4790 2.3250 1.2800 2.4250 2.2070 2.0230 1.5500 2.0730 5.4759
1.9810 3.4660 2.4000 3.1090 1.5900 3.0990 2.4790 2.6820 1.3200 2.8230 2.4740 2.3380 1.2940 2.4240 2.2070 2.0370 1.5640 2.0810 5.5774
1.9820 3.4660 2.4000 3.1090 1.5900 3.0990 2.4760 2.6900 1.3220 2.8230 2.4700 2.3490 1.3030 2.4230 2.2070 2.0500 1.5730 2.0860 5.6788
1.9820 3.4660 2.4000 3.1090 1.5900 3.0990 2.4740 2.6970 1.3310 2.8200 2.4660 2.3590 1.3100 2.4230 2.2070 2.0590 1.5790 2.0890 5.7801
1.9820 3.4660 2.4000 3.1090 1.5900 3.0990 2.4730 2.7040 1.3330 2.8190 2.4630 2.3670 1.3150 2.4240 2.2070 2.0650 1.5850 2.0920 5.8815
1.9810 3.4660 2.4000 3.1090 1.5900 3.0990 2.4710 2.7150 1.3400 2.8150 2.4570 2.3790 1.3300 2.4250 2.2070 2.0740 1.5950 2.0950 5.9826
1.9820 3.4660 2.4000 3.1090 1.5900 3.0990 2.4710 2.7190 1.3440 2.8120 2.4550 2.3840 1.3360 2.4260 2.2070 2.0780 1.5990 2.0960 6.0881
1.9820 3.4660 2.4000 3.1090 1.5900 3.0990 2.4710 2.7260 1.3540 2.8050 2.4500 2.3930 1.3460 2.4270 2.2070 2.0830 1.6080 2.0970 6.1898
1.9820 3.4660 2.4000 3.1090 1.5900 3.0990 2.4710 2.7290 1.3550 2.8040 2.4480 2.3960 1.3510 2.4270 2.2070 2.0860 1.6130 2.0980 6.2911
1.9820 3.4660 2.4000 3.1090 1.5900 3.0990 2.4710 2.7320 1.3610 2.8010 2.4460 2.4000 1.3550 2.4270 2.2070 2.0900 1.6190 2.0990 6.3922
1.9820 3.4660 2.4000 3.1090 1.5900 3.0990 2.4720 2.7400 1.3660 2.7980 2.4390 2.4090 1.3700 2.4270 2.2060 2.1000 1.6360 2.0990 6.4932
1.9810 3.4660 2.4000 3.1090 1.5900 3.0990 2.4730 2.7430 1.3690 2.7970 2.4370 2.4120 1.3750 2.4260 2.2060 2.1030 1.6430 2.1000 6.5964
1.9820 3.4660 2.4000 3.1090 1.5900 3.0990 2.4730 2.7450 1.3710 2.7960 2.4340 2.4150 1.3790 2.4260 2.2060 2.1070 1.6490 2.1000 6.6976
1.9810 3.4660 2.4000 3.1090 1.5900 3.0990 2.4740 2.7500 1.3770 2.7950 2.4300 2.4210 1.3940 2.4230 2.2060 2.1120 1.6600 2.1010 6.7989
1.9820 3.4660 2.4000 3.1090 1.5900 3.0990 2.4750 2.7530 1.3810 2.7950 2.4270 2.4240 1.4020 2.4220 2.2060 2.1140 1.6670 2.1020 6.9002
1.9820 3.4660 2.4000 3.1090 1.5900 3.0990 2.4760 2.7560 1.3900 2.7960 2.4240 2.4280 1.4160 2.4200 2.2060 2.1180 1.6780 2.1040 7.0012
1.9820 3.4660 2.4000 3.1090 1.5900 3.0990 2.4770 2.7590 1.3980 2.7980 2.4220 2.4310 1.4240 2.4190 2.2050 2.1210 1.6850 2.1050 7.1023
1.9820 3.4660 2.4000 3.1090 1.5900 3.0990 2.4770 2.7610 1.4000 2.7980 2.4200 2.4340 1.4340 2.4170 2.2050 2.1230 1.6920 2.1060 7.2037
1.9810 3.4660 2.4000 3.1090 1.5900 3.0990 2.4780 2.7630 1.4030 2.7990 2.4180 2.4360 1.4370 2.4170 2.2050 2.1250 1.6960 2.1060 7.3048
1.9820 3.4660 2.4000 3.1090 1.5900 3.0990 2.4780 2.7660 1.4050 2.7990 2.4150 2.4390 1.4410 2.4170 2.2050 2.1280 1.7010 2.1050 7.4062
1.9820 3.4660 2.4000 3.1090 1.5900 3.0990 2.4790 2.7670 1.4050 2.8000 2.4140 2.4400 1.4450 2.4170 2.2050 2.1300 1.7040 2.1040 7.5074
1.9820 3.4660 2.4000 3.1090 1.5900 3.0990 2.4790 2.7690 1.4110 2.7960 2.4130 2.4430 1.4490 2.4170 2.2050 2.1320 1.7080 2.1030 7.6089
1.9820 3.4660 2.4000 3.1090 1.5900 3.0990 2.4790 2.7700 1.4150 2.7930 2.4120 2.4440 1.4500 2.4180 2.2050 2.1330 1.7070 2.1030 7.7099
1.9820 3.4660 2.4000 3.1090 1.5900 3.0990 2.4800 2.7710 1.4210 2.7880 2.4110 2.4450 1.4630 2.4200 2.2040 2.1340 1.7100 2.1020 7.8112
1.9820 3.4660 2.4000 3.1090 1.5900 3.0990 2.4800 2.7720 1.4210 2.7870 2.4100 2.4460 1.4650 2.4200 2.2040 2.1350 1.7120 2.1010 7.9122
1.9820 3.4660 2.4000 3.1090 1.5900 3.0990 2.4800 2.7740 1.4220 2.7860 2.4090 2.4480 1.4720 2.4220 2.2030 2.1360 1.7170 2.0990 8.0133
1.9820 3.4660 2.4000 3.1090 1.5900 3.0990 2.4800 2.7740 1.4220 2.7860 2.4080 2.4490 1.4720 2.4220 2.2040 2.1380 1.7190 2.0990 8.1149
1.9820 3.4660 2.4000 3.1090 1.5900 3.0990 2.4810 2.7760 1.4250 2.7850 2.4070 2.4500 1.4740 2.4220 2.2040 2.1390 1.7190 2.0980 8.2165
1.9820 3.4660 2.4000 3.1090 1.5900 3.0990 2.4810 2.7760 1.4250 2.7850 2.4070 2.4500 1.4740 2.4220 2.2040 2.1390 1.7190 2.0980 8.3175
1.9820 3.4660 2.4000 3.1090 1.5900 3.0990 2.4810 2.7770 1.4340 2.7860 2.4060 2.4520 1.4850 2.4170 2.2050 2.1410 1.7260 2.0990 8.4185
1.9820 3.4660 2.4000 3.1090 1.5900 3.0990 2.4810 2.7770 1.4340 2.7860 2.4060 2.4520 1.4850 2.4170 2.2050 2.1410 1.7260 2.0990 8.5200
1.9820 3.4660 2.4000 3.1090 1.5900 3.0990 2.4820 2.7780 1.4390 2.7870 2.4050 2.4530 1.4890 2.4140 2.2060 2.1420 1.7280 2.1000 8.6213
1.9820 3.4660 2.4000 3.1090 1.5900 3.0990 2.4820 2.7800 1.4410 2.7880 2.4040 2.4550 1.4900 2.4130 2.2080 2.1420 1.7350 2.1000 8.7229
1.9820 3.4660 2.4000 3.1090 1.5900 3.0990 2.4820 2.7800 1.4410 2.7880 2.4040 2.4550 1.4910 2.4120 2.2080 2.1420 1.7350 2.1000 8.8248
1.9820 3.4660 2.4000 3.1090 1.5900 3.0990 2.4820 2.7810 1.4440 2.7870 2.4040 2.4560 1.4900 2.4110 2.2090 2.1410 1.7350 2.0990 8.9260
1.9820 3.4660 2.4000 3.1090 1.5900 3.0990 2.4820 2.7810 1.4460 2.7860 2.4030 2.4560 1.4910 2.4100 2.2100 2.1410 1.7360 2.0990 9.0286
1.9820 3.4660 2.4000 3.1090 1.5900 3.0990 2.4820 2.7820 1.4490 2.7830 2.4030 2.4570 1.4930 2.4110 2.2110 2.1400 1.7370 2.0980 9.1299
1.9820 3.4660 2.4000 3.1090 1.5900 3.0990 2.4820 2.7830 1.4530 2.7780 2.4020 2.4570 1.5000 2.4160 2.2120 2.1390 1.7410 2.0950 9.2315
1.9820 3.4660 2.4000 3.1090 1.5900 3.0990 2.4820 2.7830 1.4540 2.7760 2.4020 2.4570 1.5040 2.4180 2.2130 2.1380 1.7440 2.0930 9.3326
1.9820 3.4660 2.4000 3.1090 1.5900 3.0990 2.4820 2.7830 1.4560 2.7740 2.4010 2.4580 1.5040 2.4190 2.2150 2.1350 1.7480 2.0910 9.4337
1.9820 3.4660 2.4000 3.1090 1.5900 3.0990 2.4820 2.7840 1.4560 2.7730 2.4000 2.4590 1.5050 2.4200 2.2150 2.1340 1.7500 2.0910 9.5349
1.9820 3.4660 2.4000 3.1090 1.5900 3.0990 2.4820 2.7840 1.4550 2.7730 2.4000 2.4590 1.5060 2.4210 2.2170 2.1310 1.7500 2.0900 9.6364
1.9810 3.4660 2.4000 3.1090 1.5900 3.0990 2.4820 2.7850 1.4520 2.7720 2.3990 2.4610 1.5070 2.4210 2.2180 2.1280 1.7510 2.0900 9.7378
1.9820 3.4660 2.4000 3.1090 1.5900 3.0990 2.4810 2.7860 1.4520 2.7710 2.4000 2.4620 1.5080 2.4220 2.2180 2.1270 1.7510 2.0900 9.8389
1.9820 3.4660 2.4000 3.1090 1.5900 3.0990 2.4810 2.7870 1.4520 2.7690 2.4000 2.4630 1.5110 2.4200 2.2190 2.1250 1.7520 2.0910 9.9401
1.9820 3.4660 2.4000 3.1090 1.5900 3.0990 2.4800 2.7880 1.4550 2.7700 2.4020 2.4630 1.5150 2.4170 2.2190 2.1230 1.7550 2.0930 10.0416
1.9820 3.4660 2.4000 3.1090 1.5900 3.0990 2.4790 2.7890 1.4550 2.7710 2.4030 2.4620 1.5160 2.4160 2.2190 2.1230 1.7570 2.0940 10.1430
1.9820 3.4660 2.4000 3.1090 1.5900 3.0990 2.4790 2.7890 1.4570 2.7720 2.4030 2.4620 1.5170 2.4150 2.2190 2.1220 1.7570 2.0940 10.2444
1.9820 3.4660 2.4000 3.1090 1.5900 3.0990 2.4780 2.7910 1.4520 2.7700 2.4040 2.4610 1.5160 2.4140 2.2200 2.1200 1.7570 2.0940 10.3458
1.9820 3.4660 2.4000 3.1090 1.5900 3.0990 2.4770 2.7910 1.4540 2.7720 2.4040 2.4610 1.5150 2.4140 2.2210 2.1200 1.7570 2.0940 10.4474
1.9820 3.4660 2.4000 3.1090 1.5900 3.0990 2.4780 2.7920 1.4550 2.7720 2.4050 2.4600 1.5150 2.4130 2.2210 2.1190 1.7570 2.0940 10.5487
1.9820 3.4660 2.4000 3.1090 1.5900 3.0990 2.4790 2.7930 1.4560 2.7730 2.4060 2.4600 1.5150 2.4120 2.2210 2.1170 1.7570 2.0940 10.6498
1.9810 3.4660 2.4000 3.1090 1.5900 3.0990 2.4790 2.7930 1.4570 2.7740 2.4070 2.4600 1.5170 2.4120 2.2210 2.1170 1.7590 2.0930 10.7515
1.9820 3.4660 2.4000 3.1090 1.5900 3.0990 2.4800 2.7930 1.4570 2.7740 2.4070 2.4600 1.5180 2.4130 2.2200 2.1160 1.7590 2.0920 10.8528
1.9820 3.4660 2.4000 3.1090 1.5900 3.0990 2.4800 2.7920 1.4580 2.7740 2.4090 2.4600 1.5230 2.4170 2.2190 2.1160 1.7590 2.0920 10.9542
1.9820 3.4660 2.4000 3.1090 1.5900 3.0990 2.4810 2.7920 1.4610 2.7710 2.4100 2.4600 1.5260 2.4200 2.2190 2.1150 1.7580 2.0920 11.0552
1.9820 3.4660 2.4000 3.1090 1.5900 3.0990 2.4820 2.7910 1.4630 2.7700 2.4110 2.4590 1.5280 2.4220 2.2180 2.1150 1.7590 2.0920 11.1562
1.9820 3.4660 2.4000 3.1090 1.5900 3.0990 2.4830 2.7910 1.4640 2.7680 2.4120 2.4590 1.5310 2.4250 2.2170 2.1140 1.7600 2.0900 11.2578
1.9810 3.4660 2.4000 3.1090 1.5900 3.0990 2.4840 2.7900 1.4640 2.7680 2.4140 2.4580 1.5290 2.4260 2.2160 2.1130 1.7600 2.0900 11.3587
1.9810 3.4660 2.4000 3.1090 1.5900 3.0990 2.4850 2.7900 1.4620 2.7670 2.4160 2.4570 1.5300 2.4270 2.2150 2.1110 1.7600 2.0900 11.4606
1.9820 3.4660 2.4000 3.1090 1.5900 3.0990 2.4860 2.7900 1.4600 2.7670 2.4160 2.4560 1.5300 2.4280 2.2140 2.1100 1.7600 2.0900 11.5619
1.9820 3.4660 2.4000 3.1090 1.5900 3.0990 2.4870 2.7890 1.4590 2.7650 2.4180 2.4540 1.5320 2.4290 2.2120 2.1080 1.7600 2.0900 11.6630
1.9820 3.4660 2.4000 3.1090 1.5900 3.0990 2.4880 2.7890 1.4590 2.7640 2.4190 2.4520 1.5330 2.4300 2.2120 2.1060 1.7590 2.0900 11.7644
1.9820 3.4660 2.4000 3.1090 1.5900 3.0990 2.4890 2.7880 1.4600 2.7640 2.4190 2.4510 1.5350 2.4290 2.2110 2.1050 1.7600 2.0900 11.8656
1.9820 3.4660 2.4000 3.1090 1.5900 3.0990 2.4900 2.7880 1.4610 2.7650 2.4200 2.4500 1.5360 2.4280 2.2100 2.1040 1.7600 2.0900 11.9667
1.9820 3.4660 2.4000 3.1090 1.5900 3.0990 2.4910 2.7870 1.4640 2.7670 2.4210 2.4480 1.5380 2.4270 2.2090 2.1030 1.7610 2.0900 12.0678
1.9820 3.4660 2.4000 3.1090 1.5900 3.0990 2.4920 2.7870 1.4640 2.7680 2.4210 2.4470 1.5390 2.4260 2.2080 2.1020 1.7610 2.0900 12.1695
1.9820 3.4660 2.4000 3.1090 1.5900 3.0990 2.4930 2.7860 1.4650 2.7690 2.4210 2.4450 1.5380 2.4250 2.2080 2.1010 1.7610 2.0900 12.2705
1.9820 3.4660 2.4000 3.1090 1.5900 3.0990 2.4940 2.7850 1.4670 2.7700 2.4210 2.4440 1.5370 2.4240 2.2070 2.1000 1.7610 2.0900 12.3715
1.9820 3.4660 2.4000 3.1090 1.5900 3.0990 2.4950 2.7850 1.4670 2.7700 2.4220 2.4430 1.5370 2.4240 2.2070 2.0990 1.7610 2.0900 12.4730
1.9820 3.4660 2.4000 3.1090 1.5900 3.0990 2.4950 2.7840 1.4680 2.7700 2.4220 2.4420 1.5370 2.4230 2.2070 2.0990 1.7610 2.0900 12.5755
1.9820 3.4660 2.4000 3.1090 1.5900 3.0990 2.4960 2.7840 1.4680 2.7710 2.4220 2.4410 1.5370 2.4220 2.2070 2.0980 1.7610 2.0900 12.6768
1.9820 3.4660 2.4000 3.1090 1.5900 3.0990 2.4960 2.7830 1.4690 2.7710 2.4220 2.4410 1.5370 2.4220 2.2060 2.0980 1.7610 2.0900 12.7780
1.9820 3.4660 2.4000 3.1090 1.5900 3.0990 2.4980 2.7820 1.4710 2.7680 2.4220 2.4390 1.5400 2.4230 2.2060 2.0970 1.7610 2.0900 12.8793
1.9820 3.4660 2.4000 3.1090 1.5900 3.0990 2.4980 2.7820 1.4720 2.7670 2.4220 2.4390 1.5410 2.4250 2.2060 2.0970 1.7620 2.0890 12.9806
1.9820 3.4660 2.4000 3.1090 1.5900 3.0990 2.4990 2.7800 1.4720 2.7650 2.4220 2.4380 1.5430 2.4280 2.2050 2.0970 1.7630 2.0870 13.0821
1.9820 3.4660 2.4000 3.1090 1.5900 3.0990 2.4990 2.7800 1.4720 2.7650 2.4210 2.4370 1.5420 2.4280 2.2050 2.0960 1.7630 2.0870 13.1846
1.9820 3.4660 2.4000 3.1090 1.5900 3.0990 2.4990 2.7790 1.4700 2.7650 2.4210 2.4370 1.5420 2.4290 2.2050 2.0960 1.7640 2.0870 13.2862
1.9810 3.4660 2.4000 3.1090 1.5900 3.0990 2.4990 2.7770 1.4690 2.7650 2.4200 2.4360 1.5430 2.4300 2.2050 2.0940 1.7630 2.0870 13.3874
1.9820 3.4660 2.4000 3.1090 1.5900 3.0990 2.4990 2.7760 1.4680 2.7640 2.4190 2.4350 1.5430 2.4310 2.2050 2.0920 1.7630 2.0870 13.4884
1.9820 3.4660 2.4000 3.1090 1.5900 3.0990 2.4990 2.7760 1.4680 2.7640 2.4190 2.4350 1.5430 2.4310 2.2050 2.0920 1.7630 2.0870 13.5895
1.9820 3.4660 2.4000 3.1090 1.5900 3.0990 2.4990 2.7760 1.4680 2.7640 2.4190 2.4350 1.5430 2.4310 2.2050 2.0920 1.7630 2.0870 13.6908
1.9820 3.4660 2.4000 3.1090 1.5900 3.0990 2.4980 2.7730 1.4660 2.7610 2.4170 2.4330 1.5450 2.4320 2.2050 2.0890 1.7630 2.0860 13.7920
1.9820 3.4660 2.4000 3.1090 1.5900 3.0990 2.4980 2.7730 1.4660 2.7610 2.4170 2.4330 1.5450 2.4320 2.2050 2.0890 1.7630 2.0860 13.8930
1.9820 3.4660 2.4000 3.1090 1.5900 3.0990 2.4960 2.7700 1.4680 2.7620 2.4150 2.4310 1.5490 2.4310 2.2040 2.0860 1.7640 2.0860 13.9945
1.9820 3.4660 2.4000 3.1090 1.5900 3.0990 2.4950 2.7690 1.4690 2.7620 2.4140 2.4300 1.5500 2.4300 2.2040 2.0850 1.7640 2.0870 14.0954
1.9820 3.4660 2.4000 3.1090 1.5900 3.0990 2.4940 2.7690 1.4700 2.7620 2.4140 2.4290 1.5520 2.4290 2.2040 2.0840 1.7650 2.0870 14.1968
1.9820 3.4660 2.4000 3.1090 1.5900 3.0990 2.4930 2.7680 1.4710 2.7640 2.4130 2.4280 1.5530 2.4280 2.2040 2.0830 1.7620 2.0850 14.2980
1.9820 3.4660 2.4000 3.1090 1.5900 3.0990 2.4920 2.7670 1.4730 2.7660 2.4110 2.4260 1.5540 2.4260 2.2030 2.0810 1.7630 2.0850 14.3992
1.9820 3.4660 2.4000 3.1090 1.5900 3.0990 2.4910 2.7670 1.4740 2.7670 2.4110 2.4250 1.5530 2.4260 2.2040 2.0800 1.7630 2.0850 14.5003
1.9820 3.4660 2.4000 3.1090 1.5900 3.0990 2.4900 2.7670 1.4750 2.7690 2.4100 2.4240 1.5520 2.4250 2.2030 2.0790 1.7630 2.0850 14.6018
1.9820 3.4660 2.4000 3.1090 1.5900 3.0990 2.4900 2.7670 1.4760 2.7690 2.4100 2.4240 1.5510 2.4240 2.2030 2.0780 1.7630 2.0850 14.7028
1.9810 3.4660 2.4000 3.1090 1.5900 3.0990 2.4890 2.7670 1.4770 2.7690 2.4090 2.4230 1.5510 2.4230 2.2030 2.0770 1.7630 2.0850 14.8040
1.9820 3.4660 2.4000 3.1090 1.5900 3.0990 2.4890 2.7660 1.4770 2.7690 2.4090 2.4230 1.5500 2.4230 2.2030 2.0760 1.7630 2.0850 14.9050
1.9820 3.4660 2.4000 3.1090 1.5900 3.0990 2.4890 2.7660 1.4770 2.7690 2.4090 2.4230 1.5500 2.4220 2.2030 2.0760 1.7620 2.0850 15.0061
1.9820 3.4660 2.4000 3.1090 1.5900 3.0990 2.4890 2.7660 1.4780 2.7690 2.4090 2.4230 1.5500 2.4220 2.2020 2.0750 1.7620 2.0850 15.1072
1.9820 3.4660 2.4000 3.1090 1.5900 3.0990 2.4880 2.7650 1.4800 2.7670 2.4090 2.4220 1.5500 2.4200 2.2010 2.0740 1.7630 2.0830 15.2085
1.9820 3.4660 2.4000 3.1090 1.5900 3.0990 2.4880 2.7650 1.4800 2.7660 2.4090 2.4220 1.5510 2.4200 2.2010 2.0740 1.7630 2.0830 15.3099
1.9820 3.4660 2.4000 3.1090 1.5900 3.0990 2.4880 2.7650 1.4810 2.7650 2.4090 2.4220 1.5520 2.4210 2.2020 2.0750 1.7640 2.0810 15.4109
1.9820 3.4660 2.4000 3.1090 1.5900 3.0990 2.4870 2.7650 1.4810 2.7640 2.4090 2.4220 1.5520 2.4220 2.2010 2.0750 1.7650 2.0800 15.5124
1.9820 3.4660 2.4000 3.1090 1.5900 3.0990 2.4870 2.7650 1.4810 2.7610 2.4080 2.4210 1.5530 2.4240 2.2010 2.0760 1.7650 2.0780 15.6141
1.9820 3.4660 2.4000 3.1090 1.5900 3.0990 2.4870 2.7650 1.4810 2.7610 2.4080 2.4210 1.5520 2.4250 2.2000 2.0760 1.7650 2.0770 15.7153
1.9820 3.4660 2.4000 3.1090 1.5900 3.0990 2.4870 2.7650 1.4810 2.7610 2.4080 2.4210 1.5520 2.4250 2.2000 2.0760 1.7650 2.0770 15.8162
1.9820 3.4660 2.4000 3.1090 1.5900 3.0990 2.4860 2.7650 1.4790 2.7600 2.4060 2.4210 1.5520 2.4270 2.1990 2.0750 1.7670 2.0750 15.9173
1.9820 3.4660 2.4000 3.1090 1.5900 3.0990 2.4860 2.7640 1.4780 2.7590 2.4050 2.4210 1.5520 2.4280 2.1980 2.0740 1.7670 2.0740 16.0182
1.9820 3.4660 2.4000 3.1090 1.5900 3.0990 2.4850 2.7640 1.4770 2.7580 2.4040 2.4210 1.5520 2.4280 2.1970 2.0740 1.7670 2.0740 16.1196
1.9820 3.4660 2.4000 3.1090 1.5900 3.0990 2.4850 2.7650 1.4770 2.7580 2.4040 2.4210 1.5520 2.4290 2.1970 2.0730 1.7670 2.0750 16.2209
1.9820 3.4660 2.4000 3.1090 1.5900 3.0990 2.4840 2.7650 1.4750 2.7560 2.4030 2.4210 1.5530 2.4300 2.1950 2.0720 1.7670 2.0740 16.3220
1.9820 3.4660 2.4000 3.1090 1.5900 3.0990 2.4840 2.7650 1.4760 2.7560 2.4020 2.4210 1.5540 2.4310 2.1940 2.0720 1.7670 2.0740 16.4241
1.9820 3.4660 2.4000 3.1090 1.5900 3.0990 2.4830 2.7650 1.4770 2.7570 2.4020 2.4210 1.5550 2.4320 2.1940 2.0710 1.7670 2.0740 16.5260
1.9820 3.4660 2.4000 3.1090 1.5900 3.0990 2.4830 2.7650 1.4790 2.7580 2.4010 2.4200 1.5570 2.4310 2.1930 2.0710 1.7670 2.0740 16.6270
1.9820 3.4660 2.4000 3.1090 1.5900 3.0990 2.4830 2.7650 1.4790 2.7580 2.4010 2.4200 1.5570 2.4310 2.1930 2.0710 1.7670 2.0740 16.7282
1.9820 3.4660 2.4000 3.1090 1.5900 3.0990 2.4820 2.7650 1.4810 2.7610 2.4000 2.4200 1.5580 2.4290 2.1920 2.0710 1.7680 2.0740 16.8294
1.9820 3.4660 2.4000 3.1090 1.5900 3.0990 2.4830 2.7650 1.4820 2.7620 2.4000 2.4200 1.5580 2.4290 2.1910 2.0700 1.7680 2.0740 16.9303
1.9820 3.4660 2.4000 3.1090 1.5900 3.0990 2.4820 2.7650 1.4830 2.7630 2.3990 2.4190 1.5580 2.4280 2.1910 2.0700 1.7670 2.0740 17.0317
1.9810 3.4660 2.4000 3.1090 1.5900 3.0990 2.4820 2.7650 1.4840 2.7630 2.3980 2.4190 1.5580 2.4280 2.1910 2.0690 1.7670 2.0730 17.1330
1.9820 3.4660 2.4000 3.1090 1.5900 3.0990 2.4810 2.7640 1.4850 2.7640 2.3980 2.4190 1.5580 2.4260 2.1900 2.0680 1.7670 2.0730 17.2343
1.9810 3.4660 2.4000 3.1090 1.5900 3.0990 2.4810 2.7640 1.4860 2.7630 2.3970 2.4190 1.5580 2.4250 2.1890 2.0680 1.7670 2.0730 17.3360
1.9820 3.4660 2.4000 3.1090 1.5900 3.0990 2.4810 2.7640 1.4870 2.7630 2.3970 2.4190 1.5590 2.4250 2.1890 2.0680 1.7680 2.0730 17.4374
1.9820 3.4660 2.4000 3.1090 1.5900 3.0990 2.4810 2.7640 1.4870 2.7630 2.3970 2.4190 1.5600 2.4260 2.1890 2.0680 1.7680 2.0720 17.5384
1.9820 3.4660 2.4000 3.1090 1.5900 3.0990 2.4810 2.7640 1.4880 2.7620 2.3970 2.4190 1.5610 2.4260 2.1890 2.0680 1.7680 2.0720 17.6395
1.9820 3.4660 2.4000 3.1090 1.5900 3.0990 2.4810 2.7640 1.4880 2.7620 2.3960 2.4190 1.5620 2.4270 2.1890 2.0670 1.7690 2.0720 17.7405
1.9810 3.4660 2.4000 3.1090 1.5900 3.0990 2.4810 2.7640 1.4890 2.7610 2.3960 2.4190 1.5630 2.4270 2.1880 2.0680 1.7690 2.0720 17.8422
1.9820 3.4660 2.4000 3.1090 1.5900 3.0990 2.4800 2.7630 1.4890 2.7600 2.3960 2.4190 1.5630 2.4280 2.1850 2.0690 1.7700 2.0710 17.9439
1.9810 3.4660 2.4000 3.1090 1.5900 3.0990 2.4790 2.7640 1.4880 2.7590 2.3960 2.4190 1.5640 2.4290 2.1880 2.0690 1.7690 2.0710 18.0453
1.9810 3.4660 2.4000 3.1090 1.5900 3.0990 2.4790 2.7640 1.4880 2.7590 2.3960 2.4190 1.5640 2.4290 2.1880 2.0690 1.7690 2.0710 18.1470
1.9820 3.4660 2.4000 3.1090 1.5900 3.0990 2.4790 2.7630 1.4860 2.7570 2.3960 2.4180 1.5660 2.4300 2.1890 2.0710 1.7690 2.0710 18.2484
1.9820 3.4660 2.4000 3.1090 1.5900 3.0990 2.4790 2.7630 1.4860 2.7570 2.3960 2.4180 1.5680 2.4300 2.1890 2.0720 1.7690 2.0710 18.3494
1.9820 3.4660 2.4000 3.1090 1.5900 3.0990 2.4790 2.7630 1.4860 2.7570 2.3960 2.4180 1.5680 2.4300 2.1890 2.0720 1.7690 2.0710 18.4506
1.9820 3.4660 2.4000 3.1090 1.5900 3.0990 2.4790 2.7630 1.4860 2.7560 2.3960 2.4180 1.5700 2.4280 2.1890 2.0730 1.7700 2.0700 18.5519
1.9820 3.4660 2.4000 3.1090 1.5900 3.0990 2.4790 2.7630 1.4870 2.7560 2.3960 2.4180 1.5720 2.4270 2.1880 2.0740 1.7710 2.0710 18.6528
1.9820 3.4660 2.4000 3.1090 1.5900 3.0990 2.4790 2.7630 1.4870 2.7560 2.3960 2.4180 1.5720 2.4270 2.1880 2.0740 1.7710 2.0710 18.7546
1.9820 3.4660 2.4000 3.1090 1.5900 3.0990 2.4780 2.7630 1.4870 2.7570 2.3960 2.4170 1.5730 2.4250 2.1870 2.0740 1.7730 2.0720 18.8563
1.9820 3.4660 2.4000 3.1090 1.5900 3.0990 2.4780 2.7620 1.4870 2.7580 2.3960 2.4170 1.5740 2.4230 2.1860 2.0740 1.7740 2.0730 18.9578
1.9820 3.4660 2.4000 3.1090 1.5900 3.0990 2.4780 2.7620 1.4880 2.7600 2.3960 2.4170 1.5710 2.4240 2.1850 2.0740 1.7740 2.0730 19.0587
1.9820 3.4660 2.4000 3.1090 1.5900 3.0990 2.4770 2.7620 1.4890 2.7600 2.3960 2.4170 1.5720 2.4230 2.1840 2.0740 1.7740 2.0730 19.1602
1.9820 3.4660 2.4000 3.1090 1.5900 3.0990 2.4770 2.7620 1.4890 2.7600 2.3960 2.4170 1.5720 2.4230 2.1840 2.0740 1.7740 2.0730 19.2619
1.9820 3.4660 2.4000 3.1090 1.5900 3.0990 2.4770 2.7610 1.4910 2.7610 2.3950 2.4170 1.5700 2.4220 2.1830 2.0740 1.7740 2.0730 19.3634
1.9820 3.4660 2.4000 3.1090 1.5900 3.0990 2.4760 2.7600 1.4920 2.7610 2.3950 2.4160 1.5700 2.4210 2.1820 2.0740 1.7730 2.0730 19.4651
1.9820 3.4660 2.4000 3.1090 1.5900 3.0990 2.4750 2.7600 1.4930 2.7610 2.3940 2.4160 1.5700 2.4210 2.1820 2.0730 1.7730 2.0730 19.5664
1.9820 3.4660 2.4000 3.1090 1.5900 3.0990 2.4750 2.7600 1.4930 2.7610 2.3940 2.4170 1.5710 2.4220 2.1820 2.0730 1.7730 2.0730 19.6681
1.9820 3.4660 2.4000 3.1090 1.5900 3.0990 2.4740 2.7590 1.4930 2.7610 2.3940 2.4170 1.5710 2.4230 2.1820 2.0730 1.7740 2.0720 19.7702
1.9820 3.4660 2.4000 3.1090 1.5900 3.0990 2.4730 2.7590 1.4930 2.7610 2.3940 2.4170 1.5720 2.4230 2.1820 2.0730 1.7740 2.0720 19.8713
1.9820 3.4660 2.4000 3.1090 1.5900 3.0990 2.4730 2.7590 1.4930 2.7600 2.3930 2.4170 1.5720 2.4240 2.1820 2.0730 1.7740 2.0720 19.9722
1.9810 3.4660 2.4000 3.1090 1.5900 3.0990 2.4710 2.7590 1.4910 2.7600 2.3930 2.4170 1.5740 2.4250 2.1830 2.0730 1.7750 2.0720 20.0732
1.9820 3.4660 2.4000 3.1090 1.5900 3.0990 2.4710 2.7590 1.4910 2.7590 2.3930 2.4180 1.5750 2.4250 2.1830 2.0730 1.7750 2.0710 20.1749
1.9820 3.4660 2.4000 3.1090 1.5900 3.0990 2.4700 2.7600 1.4900 2.7580 2.3930 2.4180 1.5760 2.4250 2.1840 2.0720 1.7760 2.0710 20.2767
1.9820 3.4660 2.4000 3.1090 1.5900 3.0990 2.4690 2.7600 1.4890 2.7580 2.3930 2.4170 1.5770 2.4250 2.1840 2.0720 1.7750 2.0710 20.3775
1.9820 3.4660 2.4000 3.1090 1.5900 3.0990 2.4680 2.7610 1.4890 2.7570 2.3930 2.4170 1.5780 2.4230 2.1840 2.0720 1.7760 2.0710 20.4789
1.9820 3.4660 2.4000 3.1090 1.5900 3.0990 2.4680 2.7610 1.4880 2.7560 2.3920 2.4170 1.5780 2.4230 2.1840 2.0720 1.7760 2.0710 20.5804
1.9820 3.4660 2.4000 3.1090 1.5900 3.0990 2.4680 2.7610 1.4880 2.7560 2.3920 2.4170 1.5780 2.4230 2.1840 2.0720 1.7760 2.0710 20.6815
1.9820 3.4660 2.4000 3.1090 1.5900 3.0990 2.4670 2.7630 1.4880 2.7540 2.3920 2.4170 1.5790 2.4220 2.1850 2.0720 1.7760 2.0710 20.7830
1.9820 3.4660 2.4000 3.1090 1.5900 3.0990 2.4670 2.7640 1.4880 2.7530 2.3920 2.4160 1.5790 2.4210 2.1850 2.0710 1.7760 2.0710 20.8845
1.9820 3.4660 2.4000 3.1090 1.5900 3.0990 2.4670 2.7650 1.4890 2.7550 2.3910 2.4160 1.5790 2.4200 2.1850 2.0710 1.7770 2.0710 20.9859
1.9820 3.4660 2.4000 3.1090 1.5900 3.0990 2.4660 2.7660 1.4890 2.7560 2.3910 2.4150 1.5800 2.4190 2.1850 2.0710 1.7760 2.0710 21.0869
1.9820 3.4660 2.4000 3.1090 1.5900 3.0990 2.4660 2.7680 1.4900 2.7580 2.3910 2.4150 1.5800 2.4180 2.1850 2.0710 1.7760 2.0710 21.1887
1.9810 3.4660 2.4000 3.1090 1.5900 3.0990 2.4670 2.7690 1.4910 2.7580 2.3900 2.4140 1.5780 2.4180 2.1840 2.0700 1.7770 2.0710 21.2916
1.9820 3.4660 2.4000 3.1090 1.5900 3.0990 2.4670 2.7690 1.4910 2.7590 2.3890 2.4140 1.5780 2.4180 2.1830 2.0690 1.7760 2.0710 21.3927
1.9820 3.4660 2.4000 3.1090 1.5900 3.0990 2.4670 2.7690 1.4920 2.7590 2.3890 2.4140 1.5770 2.4180 2.1830 2.0690 1.7760 2.0710 21.4944
1.9820 3.4660 2.4000 3.1090 1.5900 3.0990 2.4680 2.7690 1.4930 2.7600 2.3880 2.4140 1.5760 2.4180 2.1830 2.0680 1.7760 2.0700 21.5954
1.9820 3.4660 2.4000 3.1090 1.5900 3.0990 2.4680 2.7680 1.4950 2.7590 2.3870 2.4150 1.5760 2.4170 2.1830 2.0670 1.7770 2.0700 21.6967
1.9810 3.4660 2.4000 3.1090 1.5900 3.0990 2.4690 2.7680 1.4950 2.7590 2.3870 2.4150 1.5750 2.4160 2.1830 2.0670 1.7770 2.0690 21.7981
1.9820 3.4660 2.4000 3.1090 1.5900 3.0990 2.4690 2.7670 1.4960 2.7580 2.3860 2.4140 1.5750 2.4150 2.1830 2.0680 1.7780 2.0690 21.8992
1.9820 3.4660 2.4000 3.1090 1.5900 3.0990 2.4690 2.7670 1.4970 2.7570 2.3850 2.4150 1.5750 2.4150 2.1830 2.0700 1.7790 2.0690 22.0001
1.9820 3.4660 2.4000 3.1090 1.5900 3.0990 2.4700 2.7670 1.4970 2.7570 2.3850 2.4160 1.5750 2.4160 2.1840 2.0710 1.7790 2.0680 22.1011
1.9820 3.4660 2.4000 3.1090 1.5900 3.0990 2.4700 2.7670 1.4970 2.7560 2.3840 2.4160 1.5760 2.4160 2.1840 2.0720 1.7790 2.0680 22.2021
1.9820 3.4660 2.4000 3.1090 1.5900 3.0990 2.4700 2.7660 1.4960 2.7560 2.3840 2.4170 1.5760 2.4170 2.1850 2.0730 1.7790 2.0680 22.3032
1.9820 3.4660 2.4000 3.1090 1.5900 3.0990 2.4710 2.7660 1.4960 2.7550 2.3840 2.4180 1.5760 2.4180 2.1850 2.0730 1.7800 2.0680 22.4043
1.9820 3.4660 2.4000 3.1090 1.5900 3.0990 2.4710 2.7650 1.4950 2.7540 2.3850 2.4190 1.5770 2.4190 2.1860 2.0730 1.7800 2.0670 22.5056
1.9820 3.4660 2.4000 3.1090 1.5900 3.0990 2.4710 2.7640 1.4950 2.7540 2.3850 2.4200 1.5780 2.4190 2.1870 2.0730 1.7800 2.0670 22.6065
1.9820 3.4660 2.4000 3.1090 1.5900 3.0990 2.4710 2.7640 1.4950 2.7530 2.3850 2.4200 1.5780 2.4190 2.1870 2.0730 1.7800 2.0670 22.7078
1.9820 3.4660 2.4000 3.1090 1.5900 3.0990 2.4720 2.7640 1.4950 2.7510 2.3860 2.4210 1.5800 2.4200 2.1870 2.0720 1.7810 2.0670 22.8089
1.9820 3.4660 2.4000 3.1090 1.5900 3.0990 2.4720 2.7640 1.4960 2.7520 2.3860 2.4220 1.5810 2.4190 2.1870 2.0720 1.7810 2.0660 22.9104
1.9820 3.4660 2.4000 3.1090 1.5900 3.0990 2.4720 2.7650 1.4960 2.7520 2.3860 2.4220 1.5820 2.4190 2.1880 2.0720 1.7810 2.0660 23.0115
1.9820 3.4660 2.4000 3.1090 1.5900 3.0990 2.4730 2.7660 1.4950 2.7500 2.3870 2.4210 1.5830 2.4170 2.1890 2.0720 1.7810 2.0660 23.1128
1.9820 3.4660 2.4000 3.1090 1.5900 3.0990 2.4720 2.7660 1.4970 2.7520 2.3870 2.4210 1.5840 2.4160 2.1890 2.0720 1.7820 2.0670 23.2141
1.9810 3.4660 2.4000 3.1090 1.5900 3.0990 2.4730 2.7670 1.4970 2.7530 2.3870 2.4210 1.5840 2.4160 2.1900 2.0720 1.7820 2.0670 23.3160
1.9820 3.4660 2.4000 3.1090 1.5900 3.0990 2.4730 2.7670 1.4970 2.7540 2.3880 2.4210 1.5840 2.4150 2.1910 2.0720 1.7830 2.0670 23.4173
1.9810 3.4660 2.4000 3.1090 1.5900 3.0990 2.4740 2.7670 1.4970 2.7550 2.3890 2.4210 1.5840 2.4150 2.1910 2.0710 1.7830 2.0670 23.5182
1.9820 3.4660 2.4000 3.1090 1.5900 3.0990 2.4740 2.7670 1.4990 2.7550 2.3900 2.4210 1.5830 2.4140 2.1910 2.0710 1.7820 2.0670 23.6199
1.9820 3.4660 2.4000 3.1090 1.5900 3.0990 2.4750 2.7660 1.5010 2.7560 2.3910 2.4210 1.5820 2.4150 2.1920 2.0700 1.7800 2.0660 23.7219
1.9820 3.4660 2.4000 3.1090 1.5900 3.0990 2.4750 2.7660 1.5020 2.7560 2.3920 2.4210 1.5810 2.4150 2.1920 2.0700 1.7800 2.0650 23.8231
1.9820 3.4660 2.4000 3.1090 1.5900 3.0990 2.4760 2.7660 1.5020 2.7570 2.3920 2.4210 1.5810 2.4150 2.1930 2.0700 1.7800 2.0650 23.9241
1.9810 3.4660 2.4000 3.1090 1.5900 3.0990 2.4760 2.7660 1.5030 2.7570 2.3920 2.4210 1.5800 2.4140 2.1930 2.0700 1.7800 2.0650 24.0253
1.9820 3.4660 2.4000 3.1090 1.5900 3.0990 2.4770 2.7660 1.5030 2.7570 2.3930 2.4210 1.5800 2.4140 2.1940 2.0700 1.7800 2.0650 24.1262
1.9810 3.4660 2.4000 3.1090 1.5900 3.0990 2.4770 2.7670 1.5040 2.7570 2.3930 2.4210 1.5790 2.4130 2.1940 2.0700 1.7800 2.0650 24.2273
1.9820 3.4660 2.4000 3.1090 1.5900 3.0990 2.4770 2.7670 1.5040 2.7570 2.3940 2.4210 1.5790 2.4120 2.1940 2.0700 1.7800 2.0650 24.3284
1.9820 3.4660 2.4000 3.1090 1.5900 3.0990 2.4780 2.7670 1.5050 2.7570 2.3950 2.4200 1.5790 2.4110 2.1950 2.0700 1.7800 2.0650 24.4303
1.9820 3.4660 2.4000 3.1090 1.5900 3.0990 2.4780 2.7660 1.5050 2.7560 2.3950 2.4200 1.5780 2.4100 2.1950 2.0700 1.7800 2.0650 24.5319
1.9820 3.4660 2.4000 3.1090 1.5900 3.0990 2.4780 2.7660 1.5050 2.7560 2.3950 2.4200 1.5780 2.4100 2.1950 2.0700 1.7800 2.0650 24.6332
1.9820 3.4660 2.4000 3.1090 1.5900 3.0990 2.4790 2.7660 1.5050 2.7560 2.3960 2.4200 1.5780 2.4090 2.1960 2.0700 1.7800 2.0640 24.7348
1.9810 3.4660 2.4000 3.1090 1.5900 3.0990 2.4790 2.7660 1.5050 2.7560 2.3960 2.4200 1.5750 2.4070 2.1950 2.0700 1.7800 2.0640 24.8363
1.9820 3.4660 2.4000 3.1090 1.5900 3.0990 2.4800 2.7660 1.5060 2.7560 2.3970 2.4200 1.5760 2.4090 2.1960 2.0710 1.7800 2.0640 24.9380
1.9820 3.4660 2.4000 3.1090 1.5900 3.0990 2.4810 2.7660 1.5050 2.7560 2.3970 2.4200 1.5760 2.4100 2.1980 2.0710 1.7800 2.0640 25.0392
1.9820 3.4660 2.4000 3.1090 1.5900 3.0990 2.4810 2.7660 1.5050 2.7550 2.3970 2.4200 1.5770 2.4100 2.1980 2.0720 1.7800 2.0640 25.1410
1.9820 3.4660 2.4000 3.1090 1.5900 3.0990 2.4810 2.7660 1.5070 2.7520 2.3980 2.4200 1.5770 2.4120 2.1990 2.0710 1.7790 2.0640 25.2547
1.9820 3.4660 2.4000 3.1090 1.5900 3.0990 2.4810 2.7660 1.5090 2.7500 2.3980 2.4200 1.5770 2.4120 2.1990 2.0710 1.7800 2.0630 25.3560
1.9820 3.4660 2.4000 3.1090 1.5900 3.0990 2.4810 2.7660 1.5120 2.7470 2.3990 2.4200 1.5780 2.4130 2.1990 2.0710 1.7790 2.0630 25.4576
1.9820 3.4660 2.4000 3.1090 1.5900 3.0990 2.4820 2.7660 1.5110 2.7480 2.3990 2.4200 1.5780 2.4130 2.2000 2.0710 1.7800 2.0630 25.5587
1.9820 3.4660 2.4000 3.1090 1.5900 3.0990 2.4820 2.7660 1.5120 2.7470 2.4000 2.4200 1.5790 2.4130 2.2000 2.0710 1.7800 2.0630 25.6598
1.9810 3.4660 2.4000 3.1090 1.5900 3.0990 2.4820 2.7660 1.5080 2.7510 2.4000 2.4200 1.5800 2.4130 2.2010 2.0700 1.7810 2.0630 25.7614
1.9820 3.4660 2.4000 3.1090 1.5900 3.0990 2.4820 2.7660 1.5080 2.7520 2.4010 2.4210 1.5810 2.4130 2.2020 2.0700 1.7820 2.0630 25.8626
1.9820 3.4660 2.4000 3.1090 1.5900 3.0990 2.4830 2.7660 1.5060 2.7550 2.4010 2.4210 1.5810 2.4120 2.2020 2.0690 1.7830 2.0640 25.9645
1.9820 3.4660 2.4000 3.1090 1.5900 3.0990 2.4830 2.7670 1.5050 2.7570 2.4020 2.4210 1.5820 2.4110 2.2020 2.0690 1.7840 2.0630 26.0665
1.9810 3.4660 2.4000 3.1090 1.5900 3.0990 2.4830 2.7660 1.5040 2.7600 2.4020 2.4200 1.5820 2.4110 2.2020 2.0690 1.7830 2.0630 26.1675
1.9820 3.4660 2.4000 3.1090 1.5900 3.0990 2.4830 2.7660 1.5050 2.7580 2.4020 2.4200 1.5820 2.4100 2.2010 2.0690 1.7830 2.0630 26.2686
1.9820 3.4660 2.4000 3.1090 1.5900 3.0990 2.4830 2.7670 1.5040 2.7580 2.4030 2.4200 1.5830 2.4090 2.2010 2.0680 1.7810 2.0640 26.3697
1.9820 3.4660 2.4000 3.1090 1.5900 3.0990 2.4840 2.7670 1.5040 2.7570 2.4040 2.4200 1.5830 2.4080 2.2010 2.0680 1.7830 2.0630 26.4712
1.9820 3.4660 2.4000 3.1090 1.5900 3.0990 2.4840 2.7670 1.5050 2.7560 2.4040 2.4200 1.5830 2.4080 2.2020 2.0670 1.7830 2.0630 26.5723
1.9810 3.4660 2.4000 3.1090 1.5900 3.0990 2.4840 2.7670 1.5050 2.7560 2.4040 2.4200 1.5840 2.4080 2.2020 2.0680 1.7830 2.0630 26.6734
1.9810 3.4660 2.4000 3.1090 1.5900 3.0990 2.4840 2.7670 1.5050 2.7560 2.4040 2.4200 1.5840 2.4080 2.2020 2.0680 1.7830 2.0630 26.7745
1.9820 3.4660 2.4000 3.1090 1.5900 3.0990 2.4850 2.7680 1.5050 2.7540 2.4050 2.4190 1.5860 2.4090 2.2040 2.0680 1.7850 2.0620 26.8758
1.9820 3.4660 2.4000 3.1090 1.5900 3.0990 2.4850 2.7680 1.5040 2.7540 2.4050 2.4190 1.5860 2.4100 2.2040 2.0680 1.7860 2.0620 26.9770
1.9820 3.4660 2.4000 3.1090 1.5900 3.0990 2.4860 2.7680 1.5040 2.7530 2.4050 2.4190 1.5870 2.4110 2.2050 2.0680 1.7870 2.0610 27.0783
1.9820 3.4660 2.4000 3.1090 1.5900 3.0990 2.4860 2.7680 1.5040 2.7520 2.4060 2.4180 1.5870 2.4110 2.2060 2.0670 1.7870 2.0610 27.1792
