0.0000 0.0000 0.0000 0.0000 0.0000 0.0000 0.0000 -0.0000 0.0000 0.0000 0.0000 0.0000 0.0000 0.0000 0.0000 0.0000 0.0000 0.0000 0.0000
0.0000 0.0000 0.0000 0.0000 0.0000 0.0000 0.1073 -0.3509 -0.2993 1.0436 0.0593 -0.2378 0.0000 0.0000 -0.0430 0.0430 0.0000 0.0000 0.1012
0.0000 0.0000 0.0000 0.0000 0.0000 0.0000 0.1372 -0.4786 -0.6392 2.2291 0.0413 -0.1655 -0.0577 0.0855 -0.2308 0.2308 0.0307 0.0257 0.2023
0.0000 0.0000 0.0000 0.0000 0.0000 0.0000 0.2165 -0.7081 -1.2154 4.2385 0.0179 -0.0719 -0.4105 0.6085 -0.2608 0.2608 0.0334 0.0280 0.3033
0.0000 0.0000 0.0000 0.0000 0.0000 0.0000 0.3883 -1.1950 -1.2154 4.2385 0.1253 -0.4371 -0.4210 0.6013 -0.1968 0.2038 0.0866 0.0727 0.4046
0.0000 0.0000 0.0000 0.0000 0.0000 0.0000 0.4867 -1.5918 -3.0100 10.4971 0.2286 -0.6281 -1.4169 1.9502 -0.1748 0.1366 0.5585 0.4687 0.5056
0.0000 0.0000 0.0000 0.0000 0.0000 0.0000 0.5911 -1.9333 -3.0100 10.4971 0.3877 -0.9135 -1.9395 2.6695 -0.6278 0.3062 0.4147 0.2693 0.6069
0.0000 0.0000 0.0000 0.0000 0.0000 0.0000 0.6442 -2.1072 -5.2834 18.4253 0.4506 -1.0616 -1.5039 2.0700 -1.3746 0.6704 0.4147 0.2693 0.7080
0.0000 0.0000 0.0000 0.0000 0.0000 0.0000 0.6478 -2.1190 -15.1598 52.8687 0.4695 -1.2232 -4.8820 6.7194 -1.7628 -0.9771 0.4147 0.2693 0.8091
0.0000 0.0000 0.0000 0.0000 0.0000 0.0000 0.5134 -1.5802 -26.3804 91.9994 1.0214 -2.6608 -3.9185 5.3933 -1.7543 -0.9724 0.4147 0.2693 0.9110
0.0000 0.0000 0.0000 0.0000 0.0000 0.0000 0.6076 -1.8699 -46.9946 163.8897 0.9602 -2.5014 -3.9185 5.3933 -2.8491 -1.9950 0.4147 0.2693 1.0123
0.0000 0.0000 0.0000 0.0000 0.0000 0.0000 0.6106 -1.8792 -84.3714 294.2379 1.3983 -3.6426 -5.8233 8.0151 -2.8873 -2.0217 0.4147 0.2693 1.1138
0.0000 0.0000 0.0000 0.0000 0.0000 0.0000 1.5010 -4.9096 -84.3714 294.2379 1.4741 -3.8402 -5.8233 8.0151 -3.8356 -2.6857 0.4147 0.2693 1.2151
0.0000 0.0000 0.0000 0.0000 0.0000 0.0000 0.0943 -0.2902 -273.6600 954.3660 2.2043 -5.7424 -22.3593 30.7750 -4.1776 -2.9252 0.4147 0.2693 1.3163
0.0000 0.0000 0.0000 0.0000 0.0000 0.0000 5.1614 -18.0001 -493.2677 1720.2291 2.8881 -7.5237 -19.3582 26.6443 -7.8399 -5.4895 0.4147 0.2693 1.4174
0.0000 0.0000 0.0000 0.0000 0.0000 0.0000 0.8932 -3.3333 -891.4598 3108.8904 7.2985 -19.0132 -22.0727 30.3804 -7.7429 -5.6255 0.4147 0.2693 1.5194
0.0000 0.0000 0.0000 0.0000 0.0000 0.0000 13.8516 -55.5556 -1614.0626 5628.9058 8.3905 -21.8580 -51.1687 70.4277 -18.9362 -13.2593 1.2970 0.8423 1.6211
0.0000 0.0000 0.0000 0.0000 0.0000 0.0000 2.3763 -9.5306 -1614.0626 5628.9058 23.2565 -60.5854 -27.5754 37.9542 -60.2853 -42.2122 3.0333 2.4563 1.7240
0.0000 0.0000 0.0000 0.0000 0.0000 0.0000 33.1064 -132.7827 -5298.8047 18479.1309 27.2804 -71.0679 -217.6161 299.5229 -60.2853 -42.2122 6.5340 5.1049 1.8261
0.0000 0.0000 0.0000 0.0000 0.0000 0.0000 16.6637 -66.8344 -9594.1768 33458.8750 36.1641 -94.2107 -1197.9288 1648.8076 -109.4904 -76.6660 12.8116 10.7502 1.9273
0.0000 0.0000 0.0000 0.0000 0.0000 0.0000 95.1355 -381.5679 -17364.4258 60556.9570 36.1641 -94.2107 -3303.7410 4547.2095 -109.4904 -76.6660 13.2674 10.7437 2.0282
0.0000 0.0000 0.0000 0.0000 0.0000 0.0000 27.9703 -112.1828 -31467.7402 109741.0703 199.8943 -520.7427 -11628.3281 16005.0215 -107.5798 -75.3282 127.2775 103.0673 2.1294
0.0000 0.0000 0.0000 0.0000 0.0000 0.0000 437.7557 -1755.7428 -56312.5156 196385.1094 199.8943 -520.7427 -14434.2012 19866.9746 -592.1797 -399.4302 698.8336 565.9042 2.2311
0.0000 0.0000 0.0000 0.0000 0.0000 0.0000 82.5383 -331.0430 -100051.9766 348922.7500 903.5966 -2353.9500 -33636.6406 46296.8633 -2619.0408 -1902.8442 1891.7847 1644.5033 2.3325
0.0000 0.0000 0.0000 0.0000 0.0000 0.0000 1658.7444 -6652.8628 -174193.5938 607485.3125 903.5966 -2353.9500 -52274.4727 71949.6406 -2619.0408 -1902.8442 6744.8848 5659.6304 2.4343
0.0000 0.0000 0.0000 0.0000 0.0000 0.0000 565.1332 -2109.1067 -308618.5000 1076280.7500 3754.4670 -9780.7236 -35509.7500 48874.9844 -11719.4424 -7904.8628 6744.8848 5659.6304 2.5356
0.0000 0.0000 0.0000 0.0000 0.0000 0.0000 5542.5391 -22229.9180 -550610.3750 1920206.7500 10641.9189 -27723.1523 -123116.8125 169455.7656 -11579.6982 -8108.1909 8893.7461 7462.7383 2.6368
0.0000 0.0000 0.0000 0.0000 0.0000 0.0000 5423.1846 -21751.2148 -989390.0625 3450413.7500 7859.5488 -20474.8301 -61993.8633 85327.2422 -14241.3643 -9971.9092 8893.7461 7462.7383 2.7380
0.0000 0.0000 0.0000 0.0000 0.0000 0.0000 7084.5361 -28414.5332 -1771879.3750 6179278.5000 17647.1953 -45972.5273 -443190.5625 609999.5000 -28734.8184 -19381.8770 19776.5586 16594.5039 2.8395
0.0000 0.0000 0.0000 0.0000 0.0000 0.0000 20803.0977 -83436.6953 -1771879.3750 6179278.5000 36136.1680 -94137.9609 -443190.5625 609999.5000 -51168.2461 -35828.3867 20942.5918 17572.9219 2.9404
0.0000 0.0000 0.0000 0.0000 0.0000 0.0000 14090.0547 -56512.1445 -5510263.5000 19216576.0000 36136.1680 -94137.9609 -1216106.1250 1673826.6250 -51168.2461 -35828.3867 36687.8242 29709.2148 3.0416
0.0000 0.0000 0.0000 0.0000 0.0000 0.0000 61136.7656 -245206.2656 -9715714.0000 33882724.0000 128207.7188 -333992.6250 -1216106.1250 1673826.6250 -99834.3594 -67339.1172 258159.9844 209053.8281 3.1429
0.0000 0.0000 0.0000 0.0000 0.0000 0.0000 104068.6484 -417396.7188 -16861350.0000 58802524.0000 184903.9062 -481691.2500 -11702159.0000 16106642.0000 -251204.5938 -169439.6250 716821.0000 580470.1875 3.2439
0.0000 0.0000 0.0000 0.0000 0.0000 0.0000 148455.2188 -595421.5625 -29816314.0000 103981856.0000 184903.9062 -481691.2500 -14854168.0000 20445010.0000 -695469.0000 -469099.6875 766245.4375 620493.3125 3.3449
0.0000 0.0000 0.0000 0.0000 0.0000 0.0000 190803.6719 -765272.0000 -29816314.0000 103981856.0000 475565.6562 -1238891.2500 -14854168.0000 20445010.0000 -1500297.1250 -1090029.5000 766245.4375 620493.3125 3.4459
0.0000 0.0000 0.0000 0.0000 0.0000 0.0000 419233.5625 -1564601.5000 -53305692.0000 185899072.0000 475565.6562 -1238891.2500 -50018916.0000 68845136.0000 -5953456.0000 -4168654.0000 6781262.5000 5690154.5000 3.5474
0.0000 0.0000 0.0000 0.0000 0.0000 0.0000 251851.7344 -1010122.5000 -53305692.0000 185899072.0000 2830076.7500 -7372604.0000 -33920520.0000 46687592.0000 -10025557.0000 -7283992.0000 8981510.0000 7536382.0000 3.6487
0.0000 0.0000 0.0000 0.0000 0.0000 0.0000 2747739.0000 -11020583.0000 -53305692.0000 185899072.0000 6629083.5000 -17269358.0000 -48603824.0000 66897428.0000 -10025557.0000 -7283992.0000 18706426.0000 15696556.0000 3.7500
0.0000 0.0000 0.0000 0.0000 0.0000 0.0000 1959742.6250 -7860101.0000 -89409576.0000 311808256.0000 10473000.0000 -27283104.0000 -41728048.0000 57433736.0000 -29188690.0000 -19688018.0000 20766816.0000 17425428.0000 3.8511
0.0000 0.0000 0.0000 0.0000 0.0000 0.0000 7308983.0000 -29314740.0000 -152907136.0000 533250656.0000 15849432.0000 -43545968.0000 -118216200.0000 162710656.0000 -29188690.0000 -19688018.0000 28546818.0000 23953624.0000 3.9521
0.0000 0.0000 0.0000 0.0000 0.0000 0.0000 4292103.0000 -17214692.0000 -257568992.0000 898249920.0000 21816602.0000 -59940636.0000 -75449448.0000 103847264.0000 -55938052.0000 -37730688.0000 29110838.0000 24426892.0000 4.0533
0.0000 0.0000 0.0000 0.0000 0.0000 0.0000 16497671.0000 -66168568.0000 -257568992.0000 898249920.0000 32799600.0000 -85445904.0000 -93085792.0000 128121616.0000 -90804984.0000 -63582324.0000 68804056.0000 57733460.0000 4.1547
0.0000 0.0000 0.0000 0.0000 0.0000 0.0000 5275536.0000 -21159026.0000 -445981344.0000 1555321856.0000 51037452.0000 -132957136.0000 -83856088.0000 115418008.0000 -106806240.0000 -77599264.0000 48336484.0000 40559124.0000 4.2557
0.0000 0.0000 0.0000 0.0000 0.0000 0.0000 43372900.0000 -173959264.0000 -1381105408.0000 4816487424.0000 51037452.0000 -132957136.0000 -83856088.0000 115418008.0000 -106806240.0000 -77599264.0000 48336484.0000 40559124.0000 4.3567
0.0000 0.0000 0.0000 0.0000 0.0000 0.0000 18416852.0000 -73865984.0000 -7990204416.0000 27865157632.0000 72069200.0000 -187746720.0000 -418874144.0000 576530880.0000 -144380848.0000 -104898816.0000 54764048.0000 45952492.0000 4.4578
0.0000 0.0000 0.0000 0.0000 0.0000 0.0000 111030792.0000 -445320352.0000 -14055477248.0000 49017278464.0000 84294200.0000 -231596480.0000 -418874144.0000 576530880.0000 -157122656.0000 -110018448.0000 399595456.0000 335300384.0000 4.5589
0.0000 0.0000 0.0000 0.0000 0.0000 0.0000 22001396.0000 -82110352.0000 -14055477248.0000 49017278464.0000 158686736.0000 -435988320.0000 -335459680.0000 461720672.0000 -237441328.0000 -166258192.0000 399595456.0000 335300384.0000 4.6601
0.0000 0.0000 0.0000 0.0000 0.0000 0.0000 254320864.0000 -1020025664.0000 -25224712192.0000 87969038336.0000 97438904.0000 -267711264.0000 -23632281600.0000 32527048704.0000 -432024576.0000 -302506816.0000 278112192.0000 233363824.0000 4.7623
0.0000 0.0000 0.0000 0.0000 0.0000 0.0000 135604784.0000 -506084128.0000 -45528530944.0000 158776885248.0000 137466528.0000 -358112672.0000 -15996043264.0000 22016665600.0000 -456831744.0000 -331907648.0000 206550816.0000 173316704.0000 4.8638
0.0000 0.0000 0.0000 0.0000 0.0000 0.0000 332663520.0000 -1334241024.0000 -68058501120.0000 237348225024.0000 434253856.0000 -1193102976.0000 -15996043264.0000 22016665600.0000 -456831744.0000 -331907648.0000 13524606976.0000 11348492288.0000 4.9650
0.0000 0.0000 0.0000 0.0000 0.0000 0.0000 477724672.0000 -1916049664.0000 -108827877376.0000 379527954432.0000 434253856.0000 -1193102976.0000 -107632779264.0000 148143816704.0000 -10764457984.0000 -7537353728.0000 14846235648.0000 12457469952.0000 5.0661
0.0000 0.0000 0.0000 0.0000 0.0000 0.0000 601596736.0000 -2412873472.0000 -187404664832.0000 653557825536.0000 163360256.0000 -448828736.0000 -91180703744.0000 125499482112.0000 -10764457984.0000 -7537353728.0000 11157347328.0000 9362125824.0000 5.1673
0.0000 0.0000 0.0000 0.0000 0.0000 0.0000 850448960.0000 -3410965760.0000 -187404664832.0000 653557825536.0000 5470617600.0000 -15030403072.0000 -91180703744.0000 125499482112.0000 -19441346560.0000 -13612976128.0000 11157347328.0000 9362125824.0000 5.2689
0.0000 0.0000 0.0000 0.0000 0.0000 0.0000 5702406144.0000 -22871109632.0000 -187404664832.0000 653557825536.0000 8968680448.0000 -23364218880.0000 -200484995072.0000 275943948288.0000 -19701987328.0000 -14314329088.0000 62025637888.0000 52045688832.0000 5.3707
0.0000 0.0000 0.0000 0.0000 0.0000 0.0000 1106674048.0000 -4438628864.0000 -273914134528.0000 955252211712.0000 11166626816.0000 -29090064384.0000 -247564435456.0000 353558691840.0000 -58545471488.0000 -39489413120.0000 62025637888.0000 52045688832.0000 5.4719
0.0000 0.0000 0.0000 0.0000 0.0000 0.0000 11238837248.0000 -45076533248.0000 -742089555968.0000 2587974172672.0000 11166626816.0000 -29090064384.0000 -247564435456.0000 353558691840.0000 -80919715840.0000 -54581030912.0000 62025637888.0000 52045688832.0000 5.5732
0.0000 0.0000 0.0000 0.0000 0.0000 0.0000 3182576640.0000 -12764622848.0000 -1288918138880.0000 4494992080896.0000 27349518336.0000 -71247953920.0000 -519445217280.0000 741844713472.0000 -80919715840.0000 -54581030912.0000 62025637888.0000 52045688832.0000 5.6745
0.0000 0.0000 0.0000 0.0000 0.0000 0.0000 32514848768.0000 -130409979904.0000 -2140562128896.0000 7465028026368.0000 45295181824.0000 -117998010368.0000 -338267996160.0000 465585995776.0000 -94550745088.0000 -63775272960.0000 62025637888.0000 52045688832.0000 5.7755
0.0000 0.0000 0.0000 0.0000 0.0000 0.0000 7285019648.0000 -29218627584.0000 -6417942577152.0000 22382026686464.0000 47671070720.0000 -130975227904.0000 -338267996160.0000 465585995776.0000 -110732320768.0000 -77535592448.0000 62025637888.0000 52045688832.0000 5.8770
0.0000 0.0000 0.0000 0.0000 0.0000 0.0000 95205081088.0000 -381846880256.0000 -6417942577152.0000 22382026686464.0000 59403329536.0000 -163209347072.0000 -338267996160.0000 465585995776.0000 -142599913472.0000 -99849519104.0000 62025637888.0000 52045688832.0000 5.9781
0.0000 0.0000 0.0000 0.0000 0.0000 0.0000 53475196928.0000 -214477373440.0000 -21751949950976.0000 71147433492480.0000 57638686720.0000 -158361042944.0000 -6019315400704.0000 8284877094912.0000 -153238028288.0000 -111333924864.0000 62025637888.0000 52045688832.0000 6.0792
0.0000 0.0000 0.0000 0.0000 0.0000 0.0000 166098747392.0000 -619889229824.0000 -21751949950976.0000 71147433492480.0000 80368254976.0000 -220810018816.0000 -13686879027200.0000 18838374580224.0000 -182044737536.0000 -132263223296.0000 62025637888.0000 52045688832.0000 6.1805
0.0000 0.0000 0.0000 0.0000 0.0000 0.0000 15584368640.0000 -62505508864.0000 -66827308761088.0000 233054538825728.0000 208374169600.0000 -572503490560.0000 -6650066894848.0000 9497281036288.0000 -191291277312.0000 -133943574528.0000 62025637888.0000 52045688832.0000 6.2818
0.0000 0.0000 0.0000 0.0000 0.0000 0.0000 812968312832.0000 -3260639084544.0000 -66827308761088.0000 233054538825728.0000 149686272000.0000 -411259797504.0000 -25343666683904.0000 34882566750208.0000 -193069940736.0000 -140273500160.0000 62025637888.0000 52045688832.0000 6.3829
0.0000 0.0000 0.0000 0.0000 0.0000 0.0000 693353512960.0000 -2780890136576.0000 -116939275894784.0000 407815768244224.0000 251218231296.0000 -690216632320.0000 -85558307061760.0000 117760914882560.0000 -558131904512.0000 -390808141824.0000 146181160960.0000 127073345536.0000 6.4842
0.0000 0.0000 0.0000 0.0000 0.0000 0.0000 119329103872.0000 -478603083776.0000 -196241501716480.0000 684375523983360.0000 138535206912.0000 -380622438400.0000 -95868141174784.0000 131951184838656.0000 -483072540672.0000 -350972706816.0000 332398886912.0000 278915776512.0000 6.5853
0.0000 0.0000 0.0000 0.0000 0.0000 0.0000 1782038396928.0000 -7147368218624.0000 -340104132427776.0000 1186084209819648.0000 4392099774464.0000 -12067198205952.0000 -95868141174784.0000 131951184838656.0000 -693382545408.0000 -503771824128.0000 324110548992.0000 291830431744.0000 6.6863
0.0000 0.0000 0.0000 0.0000 0.0000 0.0000 4390563872768.0000 -17609596600320.0000 -563765728772096.0000 1966085033164800.0000 3195763425280.0000 -8780290457600.0000 -84361420472320.0000 120480602259456.0000 -678189924352.0000 -474873626624.0000 330098999296.0000 276985937920.0000 6.7874
0.0000 0.0000 0.0000 0.0000 0.0000 0.0000 759889985536.0000 -3047753515008.0000 -962805838643200.0000 3357703426539520.0000 2592175816704.0000 -7121946017792.0000 -91362779201536.0000 130479588114432.0000 -11966858919936.0000 -8694430433280.0000 7838552293376.0000 6577326129152.0000 6.8885
0.0000 0.0000 0.0000 0.0000 0.0000 0.0000 10334574215168.0000 -41449726935040.0000 -1686247378518016.0000 5880643988750336.0000 1898628775936.0000 -5216441204736.0000 -84719504982016.0000 120992005357568.0000 -12403437731840.0000 -9011623624704.0000 7838552293376.0000 6577326129152.0000 6.9895
0.0000 0.0000 0.0000 0.0000 0.0000 0.0000 1159141392384.0000 -4649063546880.0000 -3003774767464448.0000 10475409128816640.0000 11123410599936.0000 -30561328431104.0000 -885869619707904.0000 1265153081344000.0000 -9123514023936.0000 -6628619845632.0000 7838552293376.0000 6577326129152.0000 7.0962
0.0000 0.0000 0.0000 0.0000 0.0000 0.0000 37464274108416.0000 -150261058240512.0000 -5392113470537728.0000 18804535052992512.0000 7326968315904.0000 -20130685779968.0000 -462614551330816.0000 660682068459520.0000 -11600975101952.0000 -8428601212928.0000 7838552293376.0000 6577326129152.0000 7.1974
0.0000 0.0000 0.0000 0.0000 0.0000 0.0000 9905490624512.0000 -39728766255104.0000 -9722633432072192.0000 33906857688956928.0000 27089992417280.0000 -74429165993984.0000 -4337324800344064.0000 6194342494470144.0000 -29543775600640.0000 -21464805801984.0000 7838552293376.0000 6577326129152.0000 7.2986
0.0000 0.0000 0.0000 0.0000 0.0000 0.0000 101232312057856.0000 -406020773904384.0000 -17061717854912512.0000 59501287212843008.0000 26998768402432.0000 -74178522775552.0000 -4337324800344064.0000 6194342494470144.0000 -26545957634048.0000 -19286764552192.0000 7838552293376.0000 6577326129152.0000 7.3997
0.0000 0.0000 0.0000 0.0000 0.0000 0.0000 9774930329600.0000 -39205119983616.0000 -32212284784771072.0000 105361655214374912.0000 45090668019712.0000 -123885630521344.0000 -4313930650353664.0000 6160931943874560.0000 -25309210476544.0000 -18388214611968.0000 7838552293376.0000 6577326129152.0000 7.5008
0.0000 0.0000 0.0000 0.0000 0.0000 0.0000 315152687693824.0000 -1264008875212800.0000 -55446245379932160.0000 181356505902088192.0000 90426988036096.0000 -248446191665152.0000 -22824748996100096.0000 32597122444427264.0000 -71432662941696.0000 -51898862272512.0000 7838552293376.0000 6577326129152.0000 7.6023
0.0000 0.0000 0.0000 0.0000 0.0000 0.0000 37753853050880.0000 -151422477795328.0000 -97585556795424768.0000 319188019384942592.0000 30133788344320.0000 -82791928692736.0000 -59045896125415424.0000 84326279788101632.0000 -77084152037376.0000 -56004905533440.0000 7838552293376.0000 6577326129152.0000 7.7043
0.0000 0.0000 0.0000 0.0000 0.0000 0.0000 833774820524032.0000 -3344089453953024.0000 -164031879140343808.0000 572047209550315520.0000 571214342914048.0000 -1569398900916224.0000 -77762461658251264.0000 111056317992402944.0000 -121015694786560.0000 -87923038879744.0000 7838552293376.0000 6577326129152.0000 7.8060
0.0000 0.0000 0.0000 0.0000 0.0000 0.0000 620031947833344.0000 -2486813176365056.0000 -164031879140343808.0000 572047209550315520.0000 571214342914048.0000 -1569398900916224.0000 -58868509681123328.0000 84072954027048960.0000 -240467367165952.0000 -174709756919808.0000 7838552293376.0000 6577326129152.0000 7.9071
0.0000 0.0000 0.0000 0.0000 0.0000 0.0000 933126742212608.0000 -4041817628606464.0000 -275644266548559872.0000 901591906914402304.0000 1481934978940928.0000 -4071583899451392.0000 -191989796954963968.0000 274189870363049984.0000 -152212701446144.0000 -110588982198272.0000 7838552293376.0000 6577326129152.0000 8.0084
0.0000 0.0000 0.0000 0.0000 0.0000 0.0000 1986136356421632.0000 -8602905393233920.0000 -433259911225278464.0000 1510957125226987520.0000 717105389371392.0000 -1970231421435904.0000 -509427033051234304.0000 727537223372636160.0000 -1577743753936896.0000 -1104747931107328.0000 7838552293376.0000 6577326129152.0000 8.1099
0.0000 0.0000 0.0000 0.0000 0.0000 0.0000 917369580945408.0000 -3973565766434816.0000 -747930621447241728.0000 2608344221660217344.0000 1706404331126784.0000 -4688308454031360.0000 -235978456863604736.0000 337012202382819328.0000 -1228751891333120.0000 -892740426530816.0000 7838552293376.0000 6577326129152.0000 8.2112
0.0000 0.0000 0.0000 0.0000 0.0000 0.0000 7006541748109312.0000 -28101713319690240.0000 -1398476673388642304.0000 4574211638495805440.0000 1787966699601920.0000 -4657813649358848.0000 -235978456863604736.0000 337012202382819328.0000 -1228751891333120.0000 -892740426530816.0000 7838552293376.0000 6577326129152.0000 8.3128
0.0000 0.0000 0.0000 0.0000 0.0000 0.0000 1701868979879936.0000 -6825826167291904.0000 -3959502724952752128.0000 13808428983169056768.0000 150527799197696.0000 -413571863281664.0000 -983901828406050816.0000 1354224766344495104.0000 -3910376060092416.0000 -2946679351279616.0000 7838552293376.0000 6577326129152.0000 8.4141
0.0000 0.0000 0.0000 0.0000 0.0000 0.0000 34598201394724864.0000 -138765857848295424.0000 -4199890051645046784.0000 13737222411131027456.0000 11124380834725888.0000 -30563992300683264.0000 -1046597287091896320.0000 1440517737427238912.0000 -2677014192455680.0000 -1874465193459712.0000 7838552293376.0000 6577326129152.0000 8.5154
0.0000 0.0000 0.0000 0.0000 0.0000 0.0000 14543132926410752.0000 -58329340961619968.0000 -6965471033146998784.0000 22783031016681373696.0000 7330810168344576.0000 -20141240544657408.0000 -1046597287091896320.0000 1440517737427238912.0000 -4637080231608320.0000 -3246917966364672.0000 7838552293376.0000 6577326129152.0000 8.6164
0.0000 0.0000 0.0000 0.0000 0.0000 0.0000 43260478268375040.0000 -173508363701714944.0000 -11978422720619610112.0000 39179658694588628992.0000 9365047339909120.0000 -25730262159589376.0000 -1046597287091896320.0000 1440517737427238912.0000 -2761235011469312.0000 -1933437376135168.0000 7838552293376.0000 6577326129152.0000 8.7177
0.0000 0.0000 0.0000 0.0000 0.0000 0.0000 38328743416037376.0000 -153728252597239808.0000 -21066994631909048320.0000 68907040225559052288.0000 6739567117860864.0000 -18516813046349824.0000 -5424740232551464960.0000 7466514633633824768.0000 -30760199291666432.0000 -21538520107581440.0000 7838552293376.0000 6577326129152.0000 8.8192
0.0000 0.0000 0.0000 0.0000 0.0000 0.0000 125646330486849536.0000 -503940092071510016.0000 -21066994631909048320.0000 68907040225559052288.0000 22934347971559424.0000 -63011619818438656.0000 -6460237193846718464.0000 8891754382115209216.0000 -31959927538843648.0000 -22378579203457024.0000 7838552293376.0000 6577326129152.0000 8.9203
0.0000 0.0000 0.0000 0.0000 0.0000 0.0000 20981595993276416.0000 -84152617080455168.0000 -37503958993392893952.0000 122669943851805835264.0000 11133057742405632.0000 -30587833664143360.0000 -11436483334893469696.0000 15740970202566754304.0000 -24086103581523968.0000 -17499576885837824.0000 7838552293376.0000 6577326129152.0000 9.0213
0.0000 0.0000 0.0000 0.0000 0.0000 0.0000 286648608416071680.0000 -1241611960793956352.0000 -67307391544633327616.0000 220152591993867862016.0000 156550836384694272.0000 -430120015253995520.0000 -11436483334893469696.0000 15740970202566754304.0000 -61246607303114752.0000 -44498262073278464.0000 7838552293376.0000 6577326129152.0000 9.1222
0.0000 0.0000 0.0000 0.0000 0.0000 0.0000 191098075844968448.0000 -827737023681921024.0000 -115075265195036114944.0000 376394285016372215808.0000 156550836384694272.0000 -430120015253995520.0000 -11436483334893469696.0000 15740970202566754304.0000 -61246607303114752.0000 -44498262073278464.0000 7838552293376.0000 6577326129152.0000 9.2237
0.0000 0.0000 0.0000 0.0000 0.0000 0.0000 813488315058618368.0000 -3262724614245056512.0000 -338207313797851381760.0000 1179469168879033384960.0000 71471829218230272.0000 -196367279162654720.0000 -11436483334893469696.0000 15740970202566754304.0000 -41350746830012416.0000 -30043070749736960.0000 7838552293376.0000 6577326129152.0000 9.3258
0.0000 0.0000 0.0000 0.0000 0.0000 0.0000 1803827990203727872.0000 -7234761771754455040.0000 -643479733151998148608.0000 2104727730979046686720.0000 347589641680977920.0000 -954994911797575680.0000 -11436483334893469696.0000 15740970202566754304.0000 -83457029946998784.0000 -60635076974608384.0000 7838552293376.0000 6577326129152.0000 9.4271
0.0000 0.0000 0.0000 0.0000 0.0000 0.0000 2837191349185282048.0000 -11379357108760739840.0000 -1159768594521566216192.0000 3793432631629976698880.0000 347589641680977920.0000 -954994911797575680.0000 -11436483334893469696.0000 15740970202566754304.0000 -428401925256380416.0000 -299970205398859776.0000 7838552293376.0000 6577326129152.0000 9.5288
0.0000 0.0000 0.0000 0.0000 0.0000 0.0000 5580918162695651328.0000 -22383848922170785792.0000 -2095898705384563539968.0000 6855376538033601904640.0000 120420669547610112.0000 -313706644682833920.0000 -11436483334893469696.0000 15740970202566754304.0000 -443286048521322496.0000 -322066128509599744.0000 7838552293376.0000 6577326129152.0000 9.6303
0.0000 0.0000 0.0000 0.0000 0.0000 0.0000 8755400096864010240.0000 -35116004455816888320.0000 -3793325671138826649600.0000 12407411343906182266880.0000 650821754482065408.0000 -1788118580382924800.0000 -11436483334893469696.0000 15740970202566754304.0000 -284448708987191296.0000 -206664050937954304.0000 7838552293376.0000 6577326129152.0000 9.7323
0.0000 0.0000 0.0000 0.0000 0.0000 0.0000 18714325621491630080.0000 -75059093655988994048.0000 -6871056946036199129088.0000 22474218644874811408384.0000 318044321133625344.0000 -873819892464222208.0000 -11436483334893469696.0000 15740970202566754304.0000 -929562520652349440.0000 -675366564865769472.0000 7838552293376.0000 6577326129152.0000 9.8336
0.0000 0.0000 0.0000 0.0000 0.0000 0.0000 27891203709654269952.0000 -111865544462953349120.0000 -12451573641852177350656.0000 40727267402210785361920.0000 1520621007801417728.0000 -3961354027656019968.0000 -11436483334893469696.0000 15740970202566754304.0000 -766784634523484160.0000 -557101547993956352.0000 7838552293376.0000 6577326129152.0000 9.9356
0.0000 0.0000 0.0000 0.0000 0.0000 0.0000 62276017539837329408.0000 -249775546308478631936.0000 -22570165583136126140416.0000 73823694142600158117888.0000 1801139271956955136.0000 -4948590674829115392.0000 -11436483334893469696.0000 15740970202566754304.0000 -486370171137556480.0000 -366506155121311744.0000 7838552293376.0000 6577326129152.0000 10.0377
0.0000 0.0000 0.0000 0.0000 0.0000 0.0000 90927183895401070592.0000 -364689148109859586048.0000 -40917161680498862325760.0000 133834019565723568832512.0000 3359079765989392384.0000 -9228998237854105600.0000 -11436483334893469696.0000 15740970202566754304.0000 -1737868562531352576.0000 -1262635172872847360.0000 7838552293376.0000 6577326129152.0000 10.1389
0.0000 0.0000 0.0000 0.0000 0.0000 0.0000 204549501648935845888.0000 -820403574144503906304.0000 -126804504029748292222976.0000 442219904568961032781824.0000 7101014428572712960.0000 -18498779561005678592.0000 -11436483334893469696.0000 15740970202566754304.0000 -1177397045758001152.0000 -824422133563129856.0000 7838552293376.0000 6577326129152.0000 10.2406
0.0000 0.0000 0.0000 0.0000 0.0000 0.0000 838163871118760345600.0000 -3361693083027267125248.0000 -243873504687415745314816.0000 797674395465724582690816.0000 8246586797459505152.0000 -22657317255207976960.0000 -11436483334893469696.0000 15740970202566754304.0000 -3882630094618886144.0000 -2820895487350013952.0000 7838552293376.0000 6577326129152.0000 10.3424
