1.9820 3.4660 2.4000 3.1090 1.5900 3.0990 2.7710 2.5630 1.1340 2.9140 2.4750 1.8760 1.2480 2.3340 2.1430 1.5770 1.3900 1.8000 0.0000
1.9810 3.4660 2.4000 3.1090 1.5900 3.0990 2.7710 2.5630 1.1340 2.9140 2.4750 1.8760 1.2480 2.3340 2.1430 1.5770 1.3900 1.8000 0.1012
1.9810 3.4660 2.4000 3.1090 1.5900 3.0990 2.7710 2.5630 1.1340 2.9140 2.4750 1.8760 1.2480 2.3340 2.1430 1.5770 1.3900 1.8000 0.2023
1.9820 3.4660 2.4000 3.1090 1.5900 3.0990 2.7720 2.5630 1.1320 2.9180 2.4740 1.8770 1.2480 2.3340 2.1430 1.5770 1.3900 1.8000 0.3033
1.9810 3.4660 2.4000 3.1090 1.5900 3.0990 2.7760 2.5560 1.1270 2.9260 2.4730 1.8790 1.2430 2.3390 2.1460 1.5760 1.3900 1.8000 0.4046
1.9810 3.4660 2.4000 3.1090 1.5900 3.0990 2.7830 2.5450 1.1210 2.9380 2.4750 1.8770 1.2320 2.3460 2.1420 1.5770 1.3960 1.8010 0.5056
1.9810 3.4660 2.4000 3.1090 1.5900 3.0990 2.7830 2.5450 1.1210 2.9380 2.4750 1.8770 1.2320 2.3460 2.1420 1.5770 1.3960 1.8010 0.6069
1.9810 3.4660 2.4000 3.1090 1.5900 3.0990 2.7830 2.5450 1.1210 2.9380 2.4750 1.8770 1.2320 2.3460 2.1420 1.5770 1.3960 1.8010 0.7080
1.9810 3.4660 2.4000 3.1090 1.5900 3.0990 2.7990 2.5200 1.1070 2.9630 2.4880 1.8590 1.2080 2.3630 2.1390 1.5800 1.4190 1.8100 0.8091
1.9810 3.4660 2.4000 3.1090 1.5900 3.0990 2.8090 2.5020 1.0970 2.9800 2.5000 1.8430 1.1910 2.3750 2.1230 1.5750 1.4380 1.8170 0.9110
1.9810 3.4660 2.4000 3.1090 1.5900 3.0990 2.8150 2.4930 1.0920 2.9890 2.5060 1.8370 1.1820 2.3810 2.1150 1.5720 1.4460 1.8200 1.0123
1.9810 3.4660 2.4000 3.1090 1.5900 3.0990 2.8150 2.4930 1.0920 2.9890 2.5060 1.8370 1.1820 2.3810 2.1150 1.5720 1.4460 1.8200 1.1138
1.9810 3.4660 2.4000 3.1090 1.5900 3.0990 2.8210 2.4850 1.0870 2.9980 2.5120 1.8290 1.1740 2.3870 2.1050 1.5680 1.4560 1.8240 1.2151
1.9810 3.4660 2.4000 3.1090 1.5900 3.0990 2.8300 2.4700 1.0790 3.0120 2.5210 1.8160 1.1600 2.3970 2.0900 1.5640 1.4690 1.8300 1.3163
1.9820 3.4660 2.4000 3.1090 1.5900 3.0990 2.8370 2.4580 1.0710 3.0260 2.5300 1.8040 1.1470 2.4050 2.0760 1.5580 1.4830 1.8350 1.4174
1.9810 3.4660 2.4000 3.1090 1.5900 3.0990 2.8400 2.4550 1.0670 3.0330 2.5360 1.7960 1.1410 2.4100 2.0660 1.5550 1.4920 1.8380 1.5194
1.9820 3.4660 2.4000 3.1090 1.5900 3.0990 2.8430 2.4490 1.0640 3.0390 2.5410 1.7890 1.1350 2.4140 2.0580 1.5530 1.5000 1.8410 1.6211
1.9820 3.4660 2.4000 3.1090 1.5900 3.0990 2.8510 2.4330 1.0560 3.0530 2.5490 1.7780 1.1210 2.4240 2.0450 1.5480 1.5130 1.8460 1.7240
1.9810 3.4660 2.4000 3.1090 1.5900 3.0990 2.8550 2.4260 1.0520 3.0610 2.5560 1.7690 1.1140 2.4290 2.0340 1.5440 1.5240 1.8500 1.8261
1.9820 3.4660 2.4000 3.1090 1.5900 3.0990 2.8600 2.4160 1.0470 3.0700 2.5600 1.7630 1.1060 2.4350 2.0270 1.5420 1.5300 1.8530 1.9273
1.9820 3.4660 2.4000 3.1090 1.5900 3.0990 2.8640 2.4070 1.0420 3.0790 2.5670 1.7550 1.0980 2.4400 2.0170 1.5390 1.5390 1.8570 2.0282
1.9820 3.4660 2.4000 3.1090 1.5900 3.0990 2.8640 2.4070 1.0420 3.0790 2.5670 1.7550 1.0980 2.4400 2.0170 1.5390 1.5390 1.8570 2.1294
1.9820 3.4660 2.4000 3.1090 1.5900 3.0990 2.8750 2.3850 1.0300 3.1000 2.5810 1.7360 1.0790 2.4540 1.9950 1.5310 1.5620 1.8650 2.2311
1.9820 3.4660 2.4000 3.1090 1.5900 3.0990 2.8780 2.3790 1.0260 3.1060 2.5860 1.7300 1.0730 2.4580 1.9870 1.5280 1.5690 1.8690 2.3325
1.9810 3.4660 2.4000 3.1090 1.5900 3.0990 2.8820 2.3730 1.0230 3.1120 2.5900 1.7240 1.0680 2.4620 1.9800 1.5260 1.5760 1.8710 2.4343
1.9810 3.4660 2.4000 3.1090 1.5900 3.0990 2.8890 2.3590 1.0150 3.1260 2.5980 1.7130 1.0550 2.4700 1.9670 1.5220 1.5890 1.8760 2.5356
1.9810 3.4660 2.4000 3.1090 1.5900 3.0990 2.8920 2.3530 1.0120 3.1320 2.6040 1.7070 1.0500 2.4740 1.9590 1.5190 1.5970 1.8790 2.6368
1.9820 3.4660 2.4000 3.1090 1.5900 3.0990 2.8950 2.3470 1.0090 3.1380 2.6080 1.7010 1.0440 2.4780 1.9530 1.5170 1.6030 1.8820 2.7380
1.9810 3.4660 2.4000 3.1090 1.5900 3.0990 2.9040 2.3300 0.9990 3.1530 2.6190 1.6860 1.0290 2.4890 1.9350 1.5110 1.6210 1.8890 2.8395
1.9810 3.4660 2.4000 3.1090 1.5900 3.0990 2.9070 2.3240 0.9960 3.1590 2.6230 1.6810 1.0230 2.4930 1.9290 1.5080 1.6270 1.8910 2.9404
1.9810 3.4660 2.4000 3.1090 1.5900 3.0990 2.9070 2.3240 0.9960 3.1590 2.6230 1.6810 1.0230 2.4930 1.9290 1.5080 1.6270 1.8910 3.0416
1.9810 3.4660 2.4000 3.1090 1.5900 3.0990 2.9150 2.3090 0.9870 3.1730 2.6330 1.6670 1.0090 2.5030 1.9130 1.5030 1.6430 1.8980 3.1429
1.9810 3.4660 2.4000 3.1090 1.5900 3.0990 2.9150 2.3090 0.9870 3.1730 2.6330 1.6670 1.0090 2.5030 1.9130 1.5030 1.6430 1.8980 3.2439
1.9810 3.4660 2.4000 3.1090 1.5900 3.0990 2.9150 2.3090 0.9870 3.1730 2.6330 1.6670 1.0090 2.5030 1.9130 1.5030 1.6430 1.8980 3.3449
1.9820 3.4660 2.4000 3.1090 1.5900 3.0990 2.9300 2.2790 0.9720 3.2000 2.6520 1.6430 0.9820 2.5220 1.8840 1.4920 1.6710 1.9090 3.4459
1.9820 3.4660 2.4000 3.1090 1.5900 3.0990 2.9350 2.2690 0.9660 3.2100 2.6600 1.6320 0.9730 2.5290 1.8710 1.4880 1.6840 1.9140 3.5474
1.9820 3.4660 2.4000 3.1090 1.5900 3.0990 2.9390 2.2610 0.9620 3.2180 2.6660 1.6240 0.9660 2.5340 1.8620 1.4850 1.7310 2.0250 3.6487
1.9820 3.4660 2.4000 3.1090 1.5900 3.0990 2.9430 2.2530 0.9580 3.2250 2.6700 1.6180 0.9590 2.5380 1.8550 1.4830 1.7390 2.0280 3.7500
1.9810 3.4660 2.4000 3.1090 1.5900 3.0990 2.9510 2.2380 0.9490 3.2400 2.6800 1.6060 0.9450 2.5480 1.8400 1.4780 1.7550 2.0340 3.8511
1.9820 3.4660 2.4000 3.1090 1.5900 3.0990 2.9560 2.2280 0.9440 3.2490 2.6890 1.5950 0.9370 2.5540 1.8270 1.4730 1.7650 2.0380 3.9521
1.9820 3.4660 2.4000 3.1090 1.5900 3.0990 2.9560 2.2280 0.9440 3.2490 2.6890 1.5950 0.9370 2.5540 1.8270 1.4730 1.7650 2.0380 4.0533
1.9820 3.4660 2.4000 3.1090 1.5900 3.0990 2.9560 2.2280 0.9440 3.2490 2.6890 1.5950 0.9370 2.5540 1.8270 1.4730 1.7650 2.0380 4.1547
1.9810 3.4660 2.4000 3.1090 1.5900 3.0990 2.9680 2.2050 0.9320 3.2710 2.7020 1.5770 0.9160 2.5690 1.8060 1.4660 1.7890 2.0480 4.2557
1.9810 3.4660 2.4000 3.1090 1.5900 3.0990 2.9680 2.2050 0.9320 3.2710 2.7020 1.5770 0.9160 2.5690 1.8060 1.4660 1.7890 2.0480 4.3567
1.9820 3.4660 2.4000 3.1090 1.5900 3.0990 2.9740 2.1930 0.9250 3.2830 2.7090 1.5670 0.9050 2.5770 1.7930 1.4620 1.8010 2.0530 4.4578
1.9810 3.4660 2.4000 3.1090 1.5900 3.0990 2.9820 2.1770 0.9170 3.2980 2.7200 1.5520 0.8910 2.5860 1.7760 1.4560 1.8170 2.0590 4.5589
1.9810 3.4660 2.4000 3.1090 1.5900 3.0990 2.9860 2.1710 0.9130 3.3040 2.7250 1.5470 0.8850 2.5900 1.7690 1.4540 1.8230 2.0620 4.6601
1.9820 3.4660 2.4000 3.1090 1.5900 3.0990 2.9890 2.1650 0.9100 3.3090 2.7290 1.5410 0.8800 2.5940 1.7630 1.4520 1.8300 2.0640 4.7623
1.9820 3.4660 2.4000 3.1090 1.5900 3.0990 2.9950 2.1520 0.9030 3.3220 2.7370 1.5310 0.8680 2.6020 1.7500 1.4470 1.8420 2.0690 4.8638
1.9820 3.4660 2.4000 3.1090 1.5900 3.0990 2.9990 2.1450 0.8990 3.3290 2.7410 1.5240 0.8620 2.6070 1.7420 1.4450 1.8500 2.0730 4.9650
1.9820 3.4660 2.4000 3.1090 1.5900 3.0990 2.9990 2.1450 0.8990 3.3290 2.7410 1.5240 0.8620 2.6070 1.7420 1.4450 1.8500 2.0730 5.0661
1.9820 3.4660 2.4000 3.1090 1.5900 3.0990 2.9990 2.1450 0.8990 3.3290 2.7410 1.5240 0.8620 2.6070 1.7420 1.4450 1.8500 2.0730 5.1673
1.9820 3.4660 2.4000 3.1090 1.5900 3.0990 3.0140 2.1150 0.8840 3.3560 2.7590 1.5000 0.8350 2.6260 1.7130 1.4350 1.8810 2.0850 5.2689
1.9820 3.4660 2.4000 3.1090 1.5900 3.0990 3.0190 2.1060 0.8780 3.3650 2.7670 1.4890 0.8270 2.6310 1.7000 1.4310 1.8910 2.0890 5.3707
1.9810 3.4660 2.4000 3.1090 1.5900 3.0990 3.0280 2.0890 0.8690 3.3810 2.7790 1.4730 0.8110 2.6420 1.6830 1.4250 1.9100 2.0960 5.4719
1.9810 3.4660 2.4000 3.1090 1.5900 3.0990 3.0280 2.0890 0.8690 3.3810 2.7790 1.4730 0.8110 2.6420 1.6830 1.4250 1.9100 2.0960 5.5732
1.9810 3.4660 2.4000 3.1090 1.5900 3.0990 3.0280 2.0890 0.8690 3.3810 2.7790 1.4730 0.8110 2.6420 1.6830 1.4250 1.9100 2.0960 5.6745
1.9820 3.4660 2.4000 3.1090 1.5900 3.0990 3.0340 2.0760 0.8630 3.3930 2.7850 1.4650 0.8010 2.6500 1.6730 1.4210 1.9210 2.1010 5.7755
1.9820 3.4660 2.4000 3.1090 1.5900 3.0990 3.0410 2.0640 0.8560 3.4050 2.7930 1.4540 0.7890 2.6580 1.6600 1.4170 1.9340 2.1070 5.8770
1.9820 3.4660 2.4000 3.1090 1.5900 3.0990 3.0450 2.0560 0.8520 3.4120 2.8000 1.4450 0.7820 2.6630 1.6490 1.4130 1.9420 2.1100 5.9781
1.9820 3.4660 2.4000 3.1090 1.5900 3.0990 3.0490 2.0470 0.8470 3.4210 2.8040 1.4390 0.7740 2.6690 1.6420 1.4110 1.9500 2.1140 6.0792
1.9810 3.4660 2.4000 3.1090 1.5900 3.0990 3.0570 2.0330 0.8390 3.4340 2.8130 1.4270 0.7620 2.6780 1.6270 1.4060 1.9630 2.1190 6.1805
1.9820 3.4660 2.4000 3.1090 1.5900 3.0990 3.0590 2.0280 0.8360 3.4400 2.8190 1.4200 0.7560 2.6820 1.6170 1.4020 1.9690 2.1210 6.2818
1.9810 3.4660 2.4000 3.1090 1.5900 3.0990 3.0160 1.9120 0.8300 3.4500 2.8250 1.4120 0.7470 2.6890 1.6080 1.3990 1.9810 2.1260 6.3829
1.9810 3.4660 2.4000 3.1090 1.5900 3.0990 3.0210 1.9010 0.8250 3.4590 2.8320 1.4030 0.7390 2.6940 1.5960 1.3950 1.9900 2.1300 6.4842
1.9810 3.4660 2.4000 3.1090 1.5900 3.0990 3.0260 1.8900 0.8190 3.4690 2.8390 1.3930 0.7290 2.7010 1.5850 1.3910 2.0020 2.1350 6.5853
1.9810 3.4660 2.4000 3.1090 1.5900 3.0990 3.0300 1.8830 0.8150 3.4760 2.8440 1.3870 0.7220 2.7070 1.5770 1.3880 2.0100 2.1380 6.6863
1.9820 3.4660 2.4000 3.1090 1.5900 3.0990 3.0330 1.8770 0.8100 3.4850 2.8480 1.3810 0.7130 2.7130 1.5700 1.3860 2.0190 2.1420 6.7874
1.9810 3.4660 2.4000 3.1090 1.5900 3.0990 3.0390 1.8650 0.8030 3.4960 2.8560 1.3700 0.7020 2.7200 1.5570 1.3820 2.0320 2.1470 6.8885
1.9820 3.4660 2.4000 3.1090 1.5900 3.0990 3.0430 1.8570 0.8000 3.5020 2.8610 1.3640 0.6970 2.7240 1.5490 1.3790 2.0380 2.1500 6.9895
1.9820 3.4660 2.4000 3.1090 1.5900 3.0990 3.0480 1.8480 0.7960 3.5100 2.8670 1.3560 0.6900 2.7290 1.5400 1.3750 2.0460 2.1530 7.0962
1.9820 3.4660 2.4000 3.1090 1.5900 3.0990 3.0540 1.8360 0.7890 3.5220 2.8750 1.3450 0.6780 2.7370 1.5270 1.3710 2.0590 2.1580 7.1974
1.9820 3.4660 2.4000 3.1090 1.5900 3.0990 3.0570 1.8300 0.7860 3.5270 2.8790 1.3390 0.6730 2.7410 1.5210 1.3690 2.0650 2.1610 7.2986
1.9820 3.4660 2.4000 3.1090 1.5900 3.0990 3.0630 1.8180 0.7790 3.5390 2.8870 1.3290 0.6620 2.7490 1.5080 1.3640 2.0780 2.1660 7.3997
1.9810 3.4660 2.4000 3.1090 1.5900 3.0990 3.0660 1.8110 0.7750 3.5450 2.8910 1.3230 0.6560 2.7530 1.5010 1.3620 2.0840 2.1680 7.5008
1.9820 3.4660 2.4000 3.1090 1.5900 3.0990 3.0690 1.8050 0.7710 3.5530 2.8950 1.3180 0.6480 2.7580 1.4950 1.3600 2.0940 2.1720 7.6023
1.9810 3.4660 2.4000 3.1090 1.5900 3.0990 3.0720 1.7990 0.7680 3.5590 2.8990 1.3120 0.6430 2.7620 1.4890 1.3580 2.1000 2.1750 7.7043
1.9810 3.4660 2.4000 3.1090 1.5900 3.0990 3.0800 1.7840 0.7600 3.5720 2.9090 1.2990 0.6310 2.7710 1.4730 1.3520 2.1140 2.1810 7.8060
1.9820 3.4660 2.4000 3.1090 1.5900 3.0990 3.0840 1.7760 0.7560 3.5790 2.9140 1.2920 0.6240 2.7750 1.4650 1.3490 2.1220 2.1840 7.9071
1.9820 3.4660 2.4000 3.1090 1.5900 3.0990 3.0880 1.7680 0.7520 3.5850 2.9190 1.2850 0.6190 2.7790 1.4580 1.3470 2.1280 2.1870 8.0084
1.9820 3.4660 2.4000 3.1090 1.5900 3.0990 3.0910 1.7620 0.7490 3.5910 2.9230 1.2800 0.6140 2.7830 1.4520 1.3450 2.1350 2.1890 8.1099
1.9820 3.4660 2.4000 3.1090 1.5900 3.0990 3.0990 1.7480 0.7400 3.6060 2.9320 1.2680 0.6010 2.7920 1.4370 1.3400 2.1500 2.1960 8.2112
1.9820 3.4660 2.4000 3.1090 1.5900 3.0990 3.1020 1.7420 0.7370 3.6110 2.9360 1.2620 0.5950 2.7960 1.4300 1.3380 2.1570 2.1980 8.3128
1.9820 3.4660 2.4000 3.1090 1.5900 3.0990 3.1050 1.7360 0.7340 3.6170 2.9400 1.2570 0.5890 2.8000 1.4240 1.3360 2.1630 2.2010 8.4141
1.9810 3.4660 2.4000 3.1090 1.5900 3.0990 3.1080 1.7300 0.7300 3.6240 2.9440 1.2520 0.5820 2.8050 1.4170 1.3330 2.1710 2.2040 8.5154
1.9820 3.4660 2.4000 3.1090 1.5900 3.0990 3.1120 1.7210 0.7260 3.6300 2.9500 1.2440 0.5770 2.8090 1.4070 1.3300 2.1780 2.2070 8.6164
1.9820 3.4660 2.4000 3.1090 1.5900 3.0990 3.1170 1.7120 0.7200 3.6410 2.9560 1.2350 0.5670 2.8160 1.3980 1.3270 2.1880 2.2110 8.7177
1.9820 3.4660 2.4000 3.1090 1.5900 3.0990 3.1250 1.6960 0.7120 3.6550 2.9670 1.2200 0.5530 2.8250 1.3800 1.3210 2.2040 2.2180 8.8192
1.9820 3.4660 2.4000 3.1090 1.5900 3.0990 3.1250 1.6960 0.7120 3.6550 2.9670 1.2200 0.5530 2.8250 1.3800 1.3210 2.2040 2.2180 8.9203
1.9810 3.4660 2.4000 3.1090 1.5900 3.0990 3.1310 1.6840 0.7050 3.6660 2.9750 1.2100 0.5420 2.8330 1.3670 1.3160 2.2170 2.2230 9.0213
1.9820 3.4660 2.4000 3.1090 1.5900 3.0990 3.1390 1.6650 0.6930 3.6870 2.9870 1.1940 0.5230 2.8470 1.3480 1.3100 2.2390 2.2320 9.1222
1.9820 3.4660 2.4000 3.1090 1.5900 3.0990 3.1390 1.6650 0.6930 3.6870 2.9870 1.1940 0.5230 2.8470 1.3480 1.3100 2.2390 2.2320 9.2237
1.9810 3.4660 2.4000 3.1090 1.5900 3.0990 3.1430 1.6580 0.6890 3.6940 2.9920 1.1870 0.5160 2.8520 1.3400 1.3070 2.2470 2.2360 9.3258
1.9820 3.4660 2.4000 3.1090 1.5900 3.0990 3.1460 1.6520 0.6860 3.6990 2.9960 1.1820 0.5100 2.8560 1.3340 1.3050 2.2530 2.2380 9.4271
1.9810 3.4660 2.4000 3.1090 1.5900 3.0990 3.1490 1.6460 0.6830 3.7050 3.0000 1.1760 0.5050 2.8600 1.3270 1.3030 2.2590 2.2410 9.5288
1.9820 3.4660 2.4000 3.1090 1.5900 3.0990 3.1540 1.6340 0.6770 3.7170 3.0080 1.1650 0.4940 2.8680 1.3150 1.2980 2.2730 2.2460 9.6303
1.9810 3.4660 2.4000 3.1090 1.5900 3.0990 3.1620 1.6190 0.6690 3.7310 3.0190 1.1510 0.4800 2.8770 1.2970 1.2920 2.2880 2.2530 9.7323
1.9820 3.4660 2.4000 3.1090 1.5900 3.0990 3.1650 1.6130 0.6660 3.7370 3.0230 1.1450 0.4750 2.8810 1.2910 1.2900 2.2940 2.2560 9.8336
1.9820 3.4660 2.4000 3.1090 1.5900 3.0990 3.1720 1.5990 0.6580 3.7500 3.0320 1.1330 0.4620 2.8900 1.2760 1.2850 2.3090 2.2620 9.9356
1.9820 3.4660 2.4000 3.1090 1.5900 3.0990 3.1750 1.5930 0.6550 3.7560 3.0360 1.1280 0.4570 2.8940 1.2700 1.2830 2.3150 2.2640 10.0377
1.9820 3.4660 2.4000 3.1090 1.5900 3.0990 3.1800 1.5810 0.6480 3.7670 3.0440 1.1170 0.4460 2.9020 1.2570 1.2790 2.3280 2.2700 10.1389
1.9810 3.4660 2.4000 3.1090 1.5900 3.0990 3.1860 1.5690 0.6410 3.7790 3.0520 1.1060 0.4350 2.9100 1.2450 1.2740 2.3400 2.2750 10.2406
1.9820 3.4660 2.4000 3.1090 1.5900 3.0990 3.1890 1.5620 0.6380 3.7850 3.0560 1.1010 0.4290 2.9130 1.2380 1.2720 2.3470 2.2780 10.3424
