1.9860 4.8880 2.4850 4.4430 1.4740 4.4900 2.6460 4.3180 1.4650 4.3560 2.6080 4.1910 1.6780 4.2600 2.4640 4.0680 1.9920 4.0990 80.0740
1.9860 4.8880 2.4850 4.4400 1.4740 4.4920 2.6460 4.3180 1.4680 4.3570 2.6160 4.1810 1.6790 4.2610 2.4630 4.0690 1.9920 4.0990 80.1752
1.9860 4.8880 2.4850 4.4400 1.4740 4.4920 2.6460 4.3180 1.4680 4.3570 2.6160 4.1810 1.6790 4.2610 2.4630 4.0690 1.9920 4.0990 80.2764
1.9860 4.8880 2.4850 4.4340 1.4740 4.4890 2.6610 4.3090 1.4670 4.3570 2.6250 4.1690 1.6820 4.2600 2.4610 4.0690 1.9910 4.0990 80.3781
1.9860 4.8880 2.4850 4.4340 1.4740 4.4920 2.6630 4.3080 1.4690 4.3580 2.6260 4.1680 1.6830 4.2600 2.4610 4.0690 1.9920 4.0990 80.4791
1.9860 4.8880 2.4850 4.4340 1.4740 4.4920 2.6630 4.3090 1.4710 4.3590 2.6240 4.1670 1.6840 4.2590 2.4600 4.0680 1.9910 4.0990 80.5805
1.9860 4.8880 2.4850 4.4340 1.4740 4.4920 2.6630 4.3100 1.4720 4.3600 2.6240 4.1680 1.6850 4.2590 2.4590 4.0660 1.9910 4.0990 80.6818
1.9860 4.8880 2.4850 4.4340 1.4740 4.4930 2.6630 4.3100 1.4730 4.3600 2.6230 4.1680 1.6860 4.2580 2.4590 4.0660 1.9910 4.1000 80.7829
1.9860 4.8880 2.4850 4.4340 1.4740 4.4930 2.6630 4.3100 1.4730 4.3600 2.6230 4.1680 1.6860 4.2580 2.4590 4.0660 1.9910 4.1000 80.8850
1.9860 4.8880 2.4850 4.4340 1.4740 4.4930 2.6630 4.3100 1.4730 4.3600 2.6230 4.1680 1.6860 4.2580 2.4590 4.0660 1.9910 4.1000 80.9862
1.9860 4.8880 2.4850 4.4340 1.4740 4.4980 2.6620 4.3140 1.4760 4.3620 2.6230 4.1690 1.6860 4.2550 2.4550 4.0600 1.9920 4.0960 81.0876
1.9860 4.8880 2.4850 4.4340 1.4740 4.4980 2.6620 4.3140 1.4760 4.3620 2.6230 4.1690 1.6860 4.2550 2.4550 4.0600 1.9920 4.0960 81.1890
1.9860 4.8880 2.4850 4.4340 1.4740 4.4980 2.6600 4.3140 1.4770 4.3630 2.6230 4.1700 1.6860 4.2530 2.4530 4.0570 1.9920 4.0940 81.2911
1.9860 4.8880 2.4850 4.4340 1.4740 4.4990 2.6590 4.3140 1.4790 4.3650 2.6220 4.1700 1.6840 4.2510 2.4510 4.0540 1.9920 4.0910 81.3923
1.9860 4.8880 2.4850 4.4340 1.4740 4.4990 2.6590 4.3140 1.4790 4.3650 2.6210 4.1700 1.6840 4.2510 2.4500 4.0520 1.9920 4.0900 81.4941
1.9860 4.8880 2.4850 4.4340 1.4740 4.5000 2.6590 4.3130 1.4800 4.3650 2.6210 4.1710 1.6830 4.2510 2.4490 4.0510 1.9920 4.0880 81.5953
1.9860 4.8880 2.4850 4.4340 1.4740 4.5010 2.6580 4.3130 1.4820 4.3670 2.6200 4.1710 1.6810 4.2500 2.4470 4.0480 1.9910 4.0850 81.6965
1.9860 4.8880 2.4850 4.4340 1.4740 4.5020 2.6580 4.3120 1.4820 4.3670 2.6180 4.1690 1.6810 4.2490 2.4450 4.0460 1.9910 4.0830 81.7979
1.9860 4.8880 2.4850 4.4340 1.4740 4.5020 2.6580 4.3120 1.4820 4.3670 2.6180 4.1690 1.6810 4.2490 2.4450 4.0460 1.9910 4.0830 81.8991
1.9860 4.8880 2.4850 4.4340 1.4740 4.5040 2.6580 4.3110 1.4840 4.3690 2.6170 4.1660 1.6780 4.2490 2.4420 4.0410 1.9910 4.0760 82.0003
1.9860 4.8880 2.4850 4.4340 1.4740 4.5040 2.6580 4.3110 1.4840 4.3690 2.6170 4.1660 1.6780 4.2490 2.4420 4.0410 1.9910 4.0760 82.1015
1.9860 4.8880 2.4850 4.4340 1.4740 4.5090 2.6570 4.3090 1.4850 4.3700 2.6150 4.1650 1.6740 4.2480 2.4380 4.0350 1.9900 4.0690 82.2031
1.9860 4.8880 2.4850 4.4340 1.4740 4.5080 2.6560 4.3090 1.4850 4.3700 2.6150 4.1660 1.6730 4.2480 2.4370 4.0330 1.9900 4.0660 82.3058
1.9860 4.8880 2.4850 4.4340 1.4740 4.5100 2.6560 4.3080 1.4860 4.3700 2.6140 4.1660 1.6710 4.2480 2.4350 4.0300 1.9900 4.0620 82.4074
1.9860 4.8880 2.4850 4.4340 1.4740 4.5080 2.6560 4.3070 1.4860 4.3690 2.6050 4.1620 1.6690 4.2480 2.4330 4.0260 1.9890 4.0570 82.5087
1.9860 4.8880 2.4850 4.4340 1.4740 4.5070 2.6550 4.3070 1.4840 4.3660 2.6020 4.1610 1.6680 4.2480 2.4320 4.0240 1.9880 4.0550 82.6100
1.9860 4.8880 2.4850 4.4340 1.4740 4.5070 2.6550 4.3060 1.4780 4.3540 2.6010 4.1620 1.6660 4.2480 2.4300 4.0200 1.9870 4.0490 82.7111
1.9860 4.8880 2.4850 4.4340 1.4740 4.5090 2.6540 4.3050 1.4740 4.3420 2.6020 4.1640 1.6640 4.2470 2.4270 4.0140 1.9850 4.0410 82.8124
1.9860 4.8880 2.4850 4.4340 1.4740 4.5080 2.6540 4.3030 1.4730 4.3370 2.6030 4.1650 1.6620 4.2470 2.4250 4.0100 1.9840 4.0350 82.9140
1.9860 4.8880 2.4850 4.4340 1.4740 4.5090 2.6530 4.3030 1.4740 4.3370 2.6030 4.1650 1.6620 4.2460 2.4250 4.0080 1.9830 4.0320 83.0150
1.9860 4.8880 2.4850 4.4340 1.4740 4.5090 2.6530 4.3020 1.4740 4.3360 2.6030 4.1650 1.6610 4.2450 2.4240 4.0060 1.9830 4.0290 83.1163
1.9860 4.8880 2.4850 4.4340 1.4740 4.5090 2.6530 4.3020 1.4750 4.3360 2.6030 4.1660 1.6600 4.2450 2.4230 4.0040 1.9820 4.0270 83.2175
1.9860 4.8880 2.4850 4.4340 1.4740 4.5090 2.6530 4.3020 1.4760 4.3360 2.6030 4.1660 1.6600 4.2440 2.4220 4.0010 1.9810 4.0240 83.3190
1.9860 4.8880 2.4850 4.4340 1.4740 4.5090 2.6540 4.3040 1.4760 4.3360 2.6030 4.1660 1.6590 4.2430 2.4210 3.9990 1.9800 4.0220 83.4205
1.9860 4.8880 2.4850 4.4340 1.4740 4.5090 2.6540 4.3030 1.4770 4.3360 2.6020 4.1670 1.6580 4.2420 2.4210 3.9970 1.9790 4.0200 83.5223
1.9860 4.8880 2.4850 4.4340 1.4740 4.5090 2.6540 4.3040 1.4770 4.3370 2.6020 4.1660 1.6570 4.2400 2.4190 3.9910 1.9760 4.0150 83.6241
1.9860 4.8880 2.4850 4.4340 1.4740 4.5090 2.6540 4.3030 1.4770 4.3380 2.6020 4.1660 1.6570 4.2370 2.4180 3.9870 1.9740 4.0110 83.7253
1.9860 4.8880 2.4850 4.4340 1.4740 4.5090 2.6530 4.3030 1.4760 4.3390 2.6030 4.1640 1.6560 4.2350 2.4170 3.9840 1.9730 4.0090 83.8266
1.9860 4.8880 2.4850 4.4340 1.4740 4.5090 2.6530 4.3030 1.4760 4.3390 2.6030 4.1640 1.6560 4.2350 2.4170 3.9840 1.9730 4.0090 83.9277
1.9860 4.8880 2.4850 4.4340 1.4740 4.5090 2.6520 4.3010 1.4730 4.3410 2.6060 4.1600 1.6550 4.2280 2.4150 3.9770 1.9690 4.0030 84.0303
1.9860 4.8880 2.4850 4.4340 1.4740 4.5090 2.6520 4.3010 1.4730 4.3410 2.6060 4.1600 1.6550 4.2280 2.4150 3.9770 1.9690 4.0030 84.1320
1.9860 4.8880 2.4850 4.4340 1.4740 4.5080 2.6510 4.3000 1.4690 4.3430 2.6090 4.1560 1.6540 4.2200 2.4140 3.9700 1.9650 3.9970 84.2330
1.9860 4.8880 2.4850 4.4340 1.4740 4.5080 2.6510 4.3000 1.4690 4.3430 2.6090 4.1560 1.6540 4.2200 2.4140 3.9700 1.9650 3.9970 84.3341
1.9860 4.8880 2.4850 4.4340 1.4740 4.5090 2.6500 4.2970 1.4650 4.3440 2.6110 4.1500 1.6540 4.2110 2.4130 3.9610 1.9600 3.9920 84.4356
1.9860 4.8880 2.4850 4.4340 1.4740 4.5080 2.6490 4.2950 1.4630 4.3450 2.6130 4.1470 1.6530 4.2060 2.4120 3.9560 1.9570 3.9880 84.5371
1.9860 4.8880 2.4850 4.4340 1.4740 4.5090 2.6480 4.2940 1.4620 4.3450 2.6140 4.1440 1.6530 4.2040 2.4120 3.9530 1.9550 3.9860 84.6383
1.9860 4.8880 2.4850 4.4340 1.4740 4.5080 2.6480 4.2920 1.4620 4.3460 2.6160 4.1420 1.6520 4.2000 2.4110 3.9500 1.9520 3.9840 84.7395
1.9860 4.8880 2.4850 4.4340 1.4740 4.5080 2.6480 4.2920 1.4620 4.3460 2.6160 4.1420 1.6520 4.2000 2.4110 3.9500 1.9520 3.9840 84.8410
1.9860 4.8880 2.4850 4.4340 1.4740 4.5090 2.6460 4.2870 1.4610 4.3470 2.6190 4.1340 1.6510 4.1930 2.4100 3.9400 1.9440 3.9760 84.9453
1.9860 4.8880 2.4850 4.4340 1.4740 4.5090 2.6460 4.2870 1.4610 4.3470 2.6190 4.1340 1.6510 4.1930 2.4100 3.9400 1.9440 3.9760 85.0468
1.9860 4.8880 2.4850 4.4340 1.4740 4.5090 2.6450 4.2830 1.4610 4.3490 2.6210 4.1270 1.6510 4.1860 2.4100 3.9310 1.9370 3.9690 85.1484
1.9860 4.8880 2.4850 4.4340 1.4740 4.5090 2.6440 4.2810 1.4600 4.3500 2.6220 4.1240 1.6500 4.1830 2.4100 3.9270 1.9340 3.9650 85.2496
1.9860 4.8880 2.4850 4.4340 1.4740 4.5090 2.6440 4.2810 1.4600 4.3500 2.6220 4.1240 1.6500 4.1830 2.4100 3.9270 1.9340 3.9650 85.3511
1.9860 4.8880 2.4850 4.4340 1.4740 4.5090 2.6440 4.2810 1.4600 4.3500 2.6220 4.1240 1.6500 4.1830 2.4100 3.9270 1.9340 3.9650 85.4525
1.9860 4.8880 2.4850 4.4340 1.4740 4.5080 2.6430 4.2730 1.4600 4.3520 2.6240 4.1120 1.6470 4.1720 2.4100 3.9120 1.9220 3.9530 85.5541
1.9860 4.8880 2.4850 4.4340 1.4740 4.5080 2.6420 4.2700 1.4600 4.3530 2.6250 4.1060 1.6450 4.1680 2.4100 3.9050 1.9180 3.9470 85.6557
1.9860 4.8880 2.4850 4.4340 1.4740 4.5080 2.6420 4.2700 1.4600 4.3530 2.6250 4.1060 1.6450 4.1680 2.4100 3.9050 1.9180 3.9470 85.7579
1.9860 4.8880 2.4850 4.4340 1.4740 4.5080 2.6420 4.2700 1.4600 4.3530 2.6250 4.1060 1.6450 4.1680 2.4100 3.9050 1.9180 3.9470 85.8592
1.9860 4.8880 2.4850 4.4340 1.4740 4.5090 2.6420 4.2640 1.4590 4.3540 2.6260 4.0940 1.6400 4.1580 2.4100 3.8900 1.9090 3.9350 85.9603
1.9860 4.8880 2.4850 4.4340 1.4740 4.5090 2.6420 4.2640 1.4590 4.3540 2.6260 4.0940 1.6400 4.1580 2.4100 3.8900 1.9090 3.9350 86.0616
1.9860 4.8880 2.4850 4.4340 1.4740 4.5090 2.6420 4.2590 1.4580 4.3540 2.6260 4.0850 1.6360 4.1510 2.4100 3.8790 1.9020 3.9260 86.1631
1.9860 4.8880 2.4850 4.4340 1.4740 4.5090 2.6420 4.2590 1.4580 4.3540 2.6260 4.0850 1.6360 4.1510 2.4100 3.8790 1.9020 3.9260 86.2643
1.9860 4.8880 2.4850 4.4340 1.4740 4.5090 2.6420 4.2550 1.4590 4.3520 2.6260 4.0780 1.6330 4.1470 2.4110 3.8710 1.8980 3.9200 86.3654
1.9860 4.8880 2.4850 4.4340 1.4740 4.5090 2.6430 4.2500 1.4600 4.3490 2.6260 4.0680 1.6290 4.1410 2.4110 3.8590 1.8920 3.9100 86.4666
1.9860 4.8880 2.4850 4.4340 1.4740 4.5090 2.6430 4.2500 1.4600 4.3490 2.6260 4.0680 1.6290 4.1410 2.4110 3.8590 1.8920 3.9100 86.5678
1.9860 4.8880 2.4850 4.4340 1.4740 4.5090 2.6430 4.2500 1.4600 4.3490 2.6260 4.0680 1.6290 4.1410 2.4110 3.8590 1.8920 3.9100 86.6688
1.9860 4.8880 2.4850 4.4340 1.4740 4.5090 2.6440 4.2450 1.4610 4.3440 2.6240 4.0580 1.6230 4.1360 2.4110 3.8470 1.8860 3.8990 86.7699
1.9860 4.8880 2.4850 4.4340 1.4740 4.5090 2.6440 4.2450 1.4610 4.3440 2.6240 4.0580 1.6230 4.1360 2.4110 3.8470 1.8860 3.8990 86.8715
1.9860 4.8880 2.4850 4.4340 1.4740 4.5090 2.6450 4.2400 1.4630 4.3400 2.6230 4.0480 1.6170 4.1300 2.4110 3.8340 1.8810 3.8890 86.9727
1.9860 4.8880 2.4850 4.4340 1.4740 4.5090 2.6460 4.2370 1.4630 4.3380 2.6220 4.0430 1.6140 4.1270 2.4110 3.8280 1.8780 3.8830 87.0741
1.9860 4.8880 2.4850 4.4340 1.4740 4.5090 2.6470 4.2330 1.4640 4.3340 2.6200 4.0350 1.6090 4.1230 2.4110 3.8180 1.8740 3.8750 87.1753
1.9860 4.8880 2.4850 4.4340 1.4740 4.5090 2.6490 4.2290 1.4650 4.3300 2.6190 4.0280 1.6040 4.1200 2.4110 3.8090 1.8710 3.8670 87.2765
1.9860 4.8880 2.4850 4.4340 1.4740 4.5090 2.6500 4.2260 1.4650 4.3280 2.6180 4.0240 1.6010 4.1180 2.4110 3.8030 1.8690 3.8620 87.3776
1.9860 4.8880 2.4850 4.4340 1.4740 4.5090 2.6510 4.2230 1.4650 4.3240 2.6160 4.0170 1.5950 4.1130 2.4100 3.7930 1.8650 3.8530 87.4793
1.9860 4.8880 2.4850 4.4340 1.4740 4.5090 2.6510 4.2230 1.4650 4.3240 2.6160 4.0170 1.5950 4.1130 2.4100 3.7930 1.8650 3.8530 87.5809
1.9860 4.8880 2.4850 4.4340 1.4740 4.5090 2.6530 4.2170 1.4650 4.3190 2.6140 4.0060 1.5880 4.1080 2.4090 3.7790 1.8610 3.8400 87.6823
1.9860 4.8880 2.4850 4.4340 1.4740 4.5090 2.6540 4.2150 1.4650 4.3170 2.6130 4.0020 1.5850 4.1060 2.4090 3.7740 1.8600 3.8350 87.7834
1.9860 4.8880 2.4850 4.4340 1.4740 4.5090 2.6540 4.2130 1.4650 4.3150 2.6130 3.9980 1.5830 4.1040 2.4080 3.7690 1.8580 3.8310 87.8854
1.9860 4.8880 2.4850 4.4340 1.4740 4.5090 2.6560 4.2090 1.4640 4.3100 2.6110 3.9880 1.5760 4.0990 2.4070 3.7560 1.8550 3.8180 87.9866
1.9860 4.8880 2.4850 4.4340 1.4740 4.5090 2.6560 4.2090 1.4640 4.3100 2.6110 3.9880 1.5760 4.0990 2.4070 3.7560 1.8550 3.8180 88.0878
1.9860 4.8880 2.4850 4.4340 1.4740 4.5090 2.6570 4.2050 1.4630 4.3050 2.6090 3.9800 1.5710 4.0950 2.4060 3.7460 1.8520 3.8090 88.1893
1.9860 4.8880 2.4850 4.4340 1.4740 4.5090 2.6570 4.2030 1.4620 4.3040 2.6080 3.9760 1.5690 4.0930 2.4060 3.7420 1.8510 3.8050 88.2912
1.9860 4.8880 2.4850 4.4340 1.4740 4.5090 2.6570 4.2030 1.4620 4.3040 2.6080 3.9760 1.5690 4.0930 2.4060 3.7420 1.8510 3.8050 88.3925
1.9860 4.8880 2.4850 4.4340 1.4740 4.5090 2.6590 4.1980 1.4590 4.2990 2.6060 3.9650 1.5620 4.0860 2.4030 3.7270 1.8470 3.7910 88.4939
1.9860 4.8880 2.4850 4.4340 1.4740 4.5090 2.6600 4.1940 1.4560 4.2950 2.6050 3.9580 1.5570 4.0810 2.4020 3.7170 1.8450 3.7810 88.5949
1.9860 4.8880 2.4850 4.4340 1.4740 4.5090 2.6600 4.1910 1.4550 4.2930 2.6040 3.9530 1.5540 4.0780 2.4010 3.7100 1.8430 3.7750 88.6964
1.9860 4.8880 2.4850 4.4340 1.4740 4.5090 2.6610 4.1870 1.4510 4.2900 2.6030 3.9440 1.5490 4.0710 2.3980 3.6990 1.8410 3.7640 88.7973
1.9860 4.8880 2.4850 4.4340 1.4740 4.5090 2.6610 4.1850 1.4490 4.2880 2.6020 3.9410 1.5470 4.0680 2.3970 3.6940 1.8400 3.7600 88.8991
1.9860 4.8880 2.4850 4.4340 1.4740 4.5090 2.6620 4.1830 1.4470 4.2870 2.6020 3.9370 1.5450 4.0650 2.3960 3.6890 1.8390 3.7550 89.0008
1.9860 4.8880 2.4850 4.4340 1.4740 4.5090 2.6620 4.1810 1.4460 4.2860 2.6010 3.9330 1.5430 4.0620 2.3950 3.6840 1.8370 3.7500 89.1066
1.9860 4.8880 2.4850 4.4340 1.4740 4.5120 2.6620 4.1790 1.4430 4.2840 2.6000 3.9290 1.5410 4.0580 2.3940 3.6770 1.8360 3.7440 89.2078
1.9860 4.8880 2.4850 4.4340 1.4740 4.5130 2.6620 4.1770 1.4410 4.2830 2.6000 3.9250 1.5390 4.0540 2.3930 3.6720 1.8350 3.7390 89.3103
1.9860 4.8880 2.4850 4.4340 1.4740 4.5120 2.6620 4.1740 1.4380 4.2820 2.5990 3.9190 1.5360 4.0490 2.3910 3.6640 1.8330 3.7320 89.4116
1.9860 4.8880 2.4850 4.4340 1.4740 4.5120 2.6620 4.1740 1.4380 4.2820 2.5990 3.9190 1.5360 4.0490 2.3910 3.6640 1.8330 3.7320 89.5130
1.9860 4.8880 2.4850 4.4340 1.4740 4.5130 2.6630 4.1700 1.4330 4.2810 2.5980 3.9120 1.5330 4.0420 2.3880 3.6540 1.8310 3.7220 89.6150
1.9860 4.8880 2.4850 4.4340 1.4740 4.5130 2.6620 4.1650 1.4280 4.2800 2.5980 3.9030 1.5300 4.0340 2.3850 3.6420 1.8280 3.7120 89.7165
1.9860 4.8880 2.4850 4.4340 1.4740 4.5130 2.6620 4.1630 1.4260 4.2790 2.5970 3.9000 1.5280 4.0300 2.3840 3.6360 1.8270 3.7070 89.8183
1.9860 4.8880 2.4850 4.4340 1.4740 4.5130 2.6620 4.1590 1.4210 4.2790 2.5970 3.8920 1.5260 4.0220 2.3810 3.6260 1.8240 3.6970 89.9198
1.9860 4.8880 2.4850 4.4340 1.4740 4.5130 2.6610 4.1570 1.4190 4.2790 2.5960 3.8880 1.5250 4.0180 2.3800 3.6210 1.8230 3.6920 90.0209
1.9860 4.8880 2.4850 4.4340 1.4740 4.5130 2.6610 4.1530 1.4130 4.2790 2.5960 3.8790 1.5220 4.0090 2.3760 3.6100 1.8200 3.6810 90.1223
1.9860 4.8880 2.4850 4.4340 1.4740 4.5130 2.6600 4.1500 1.4100 4.2790 2.5960 3.8750 1.5210 4.0040 2.3740 3.6040 1.8180 3.6740 90.2235
1.9860 4.8880 2.4850 4.4340 1.4740 4.5130 2.6590 4.1460 1.4060 4.2800 2.5950 3.8670 1.5190 3.9960 2.3720 3.5940 1.8150 3.6640 90.3251
1.9860 4.8880 2.4850 4.4340 1.4740 4.5130 2.6590 4.1460 1.4060 4.2800 2.5950 3.8670 1.5190 3.9960 2.3720 3.5940 1.8150 3.6640 90.4266
1.9860 4.8880 2.4850 4.4340 1.4740 4.5130 2.6580 4.1410 1.4010 4.2800 2.5950 3.8590 1.5170 3.9870 2.3690 3.5840 1.8130 3.6530 90.5279
1.9860 4.8880 2.4850 4.4340 1.4740 4.5130 2.6580 4.1400 1.3990 4.2810 2.5940 3.8550 1.5160 3.9830 2.3670 3.5790 1.8110 3.6480 90.6295
1.9860 4.8880 2.4850 4.4340 1.4740 4.5130 2.6570 4.1370 1.3970 4.2810 2.5940 3.8510 1.5160 3.9790 2.3660 3.5740 1.8100 3.6430 90.7309
1.9860 4.8880 2.4850 4.4340 1.4740 4.5130 2.6560 4.1360 1.3950 4.2810 2.5940 3.8470 1.5150 3.9740 2.3640 3.5690 1.8080 3.6370 90.8328
1.9860 4.8880 2.4850 4.4340 1.4740 4.5130 2.6550 4.1310 1.3910 4.2810 2.5940 3.8390 1.5130 3.9650 2.3610 3.5590 1.8050 3.6270 90.9361
1.9860 4.8880 2.4850 4.4340 1.4740 4.5130 2.6540 4.1290 1.3890 4.2820 2.5930 3.8360 1.5130 3.9610 2.3600 3.5540 1.8040 3.6210 91.0375
1.9860 4.8880 2.4850 4.4340 1.4740 4.5130 2.6530 4.1270 1.3870 4.2810 2.5930 3.8310 1.5120 3.9550 2.3570 3.5480 1.8020 3.6150 91.1395
1.9860 4.8880 2.4850 4.4340 1.4740 4.5130 2.6520 4.1250 1.3850 4.2810 2.5930 3.8270 1.5110 3.9510 2.3560 3.5430 1.8000 3.6090 91.2407
1.9860 4.8880 2.4850 4.4340 1.4740 4.5130 2.6510 4.1230 1.3840 4.2810 2.5930 3.8230 1.5110 3.9470 2.3540 3.5380 1.7980 3.6040 91.3423
1.9860 4.8880 2.4850 4.4340 1.4740 4.5130 2.6510 4.1210 1.3830 4.2810 2.5930 3.8200 1.5100 3.9430 2.3520 3.5330 1.7970 3.5980 91.4435
1.9860 4.8880 2.4850 4.4340 1.4740 4.5130 2.6490 4.1190 1.3820 4.2810 2.5920 3.8160 1.5090 3.9390 2.3500 3.5280 1.7950 3.5930 91.5449
1.9860 4.8880 2.4850 4.4340 1.4740 4.5130 2.6490 4.1170 1.3800 4.2800 2.5920 3.8110 1.5090 3.9340 2.3480 3.5210 1.7930 3.5850 91.6462
1.9860 4.8880 2.4850 4.4340 1.4740 4.5130 2.6460 4.1110 1.3780 4.2790 2.5910 3.8000 1.5070 3.9250 2.3430 3.5070 1.7890 3.5700 91.7473
1.9860 4.8880 2.4850 4.4340 1.4740 4.5130 2.6460 4.1110 1.3780 4.2790 2.5910 3.8000 1.5070 3.9250 2.3430 3.5070 1.7890 3.5700 91.8488
1.9860 4.8880 2.4850 4.4340 1.4740 4.5130 2.6430 4.1060 1.3760 4.2750 2.5900 3.7890 1.5050 3.9160 2.3370 3.4910 1.7840 3.5520 91.9501
1.9860 4.8880 2.4850 4.4340 1.4740 4.5130 2.6420 4.1040 1.3750 4.2730 2.5890 3.7850 1.5040 3.9130 2.3360 3.4860 1.7830 3.5460 92.0513
1.9860 4.8880 2.4850 4.4340 1.4740 4.5130 2.6410 4.1020 1.3740 4.2710 2.5890 3.7800 1.5040 3.9090 2.3330 3.4790 1.7810 3.5390 92.1529
1.9860 4.8880 2.4850 4.4340 1.4740 4.5130 2.6380 4.0970 1.3730 4.2650 2.5870 3.7710 1.5020 3.9030 2.3280 3.4660 1.7770 3.5250 92.2543
1.9860 4.8880 2.4850 4.4340 1.4740 4.5130 2.6380 4.0970 1.3730 4.2650 2.5870 3.7710 1.5020 3.9030 2.3280 3.4660 1.7770 3.5250 92.3555
1.9860 4.8880 2.4850 4.4340 1.4740 4.5130 2.6360 4.0930 1.3730 4.2600 2.5860 3.7630 1.5000 3.8970 2.3250 3.4550 1.7740 3.5140 92.4571
1.9860 4.8880 2.4850 4.4340 1.4740 4.5130 2.6340 4.0890 1.3730 4.2540 2.5840 3.7540 1.4980 3.8910 2.3200 3.4430 1.7710 3.5010 92.5587
1.9860 4.8880 2.4850 4.4340 1.4740 4.5130 2.6320 4.0870 1.3730 4.2500 2.5830 3.7500 1.4960 3.8870 2.3180 3.4360 1.7690 3.4950 92.6601
1.9860 4.8880 2.4850 4.4340 1.4740 4.5130 2.6320 4.0850 1.3730 4.2470 2.5820 3.7460 1.4950 3.8840 2.3160 3.4300 1.7680 3.4900 92.7619
1.9860 4.8880 2.4850 4.4340 1.4740 4.5130 2.6300 4.0830 1.3740 4.2440 2.5820 3.7420 1.4930 3.8810 2.3140 3.4250 1.7670 3.4840 92.8630
1.9860 4.8880 2.4850 4.4340 1.4740 4.5130 2.6290 4.0810 1.3740 4.2410 2.5800 3.7380 1.4920 3.8770 2.3110 3.4180 1.7660 3.4780 92.9642
1.9860 4.8880 2.4850 4.4340 1.4740 4.5130 2.6270 4.0780 1.3750 4.2350 2.5780 3.7300 1.4880 3.8700 2.3070 3.4060 1.7630 3.4680 93.0701
1.9860 4.8880 2.4850 4.4340 1.4740 4.5130 2.6260 4.0760 1.3750 4.2320 2.5770 3.7270 1.4870 3.8660 2.3060 3.4010 1.7620 3.4630 93.1714
1.9860 4.8880 2.4850 4.4340 1.4740 4.5130 2.6260 4.0760 1.3750 4.2320 2.5770 3.7270 1.4870 3.8660 2.3060 3.4010 1.7620 3.4630 93.2734
1.9860 4.8880 2.4850 4.4340 1.4740 4.5130 2.6240 4.0700 1.3770 4.2230 2.5730 3.7160 1.4820 3.8560 2.3000 3.3840 1.7590 3.4490 93.3751
1.9860 4.8880 2.4850 4.4340 1.4740 4.5130 2.6240 4.0700 1.3770 4.2230 2.5730 3.7160 1.4820 3.8560 2.3000 3.3840 1.7590 3.4490 93.4768
1.9860 4.8880 2.4850 4.4340 1.4740 4.5130 2.6210 4.0660 1.3780 4.2160 2.5700 3.7070 1.4770 3.8480 2.2960 3.3700 1.7570 3.4380 93.5787
1.9860 4.8880 2.4850 4.4340 1.4740 4.5130 2.6200 4.0630 1.3790 4.2090 2.5670 3.6990 1.4730 3.8390 2.2910 3.3580 1.7540 3.4280 93.6803
1.9860 4.8880 2.4850 4.4340 1.4740 4.5130 2.6200 4.0630 1.3790 4.2090 2.5670 3.6990 1.4730 3.8390 2.2910 3.3580 1.7540 3.4280 93.7819
1.9860 4.8880 2.4850 4.4340 1.4740 4.5130 2.6180 4.0590 1.3800 4.2020 2.5630 3.6910 1.4690 3.8310 2.2880 3.3460 1.7520 3.4170 93.8832
1.9860 4.8880 2.4850 4.4340 1.4740 4.5130 2.6180 4.0590 1.3800 4.2020 2.5630 3.6910 1.4690 3.8310 2.2880 3.3460 1.7520 3.4170 93.9846
1.9860 4.8880 2.4850 4.4340 1.4740 4.5130 2.6150 4.0520 1.3820 4.1910 2.5560 3.6780 1.4620 3.8170 2.2820 3.3250 1.7480 3.3980 94.0858
1.9860 4.8880 2.4850 4.4340 1.4740 4.5130 2.6140 4.0500 1.3820 4.1880 2.5540 3.6740 1.4610 3.8130 2.2800 3.3200 1.7470 3.3930 94.1871
1.9860 4.8880 2.4850 4.4340 1.4750 4.5130 2.6140 4.0480 1.3830 4.1860 2.5520 3.6700 1.4590 3.8080 2.2790 3.3140 1.7460 3.3870 94.2884
1.9860 4.8880 2.4850 4.4340 1.4740 4.5130 2.6120 4.0440 1.3840 4.1800 2.5480 3.6630 1.4550 3.8000 2.2450 3.1950 1.7430 3.3770 94.3902
1.9860 4.8880 2.4850 4.4340 1.4750 4.5130 2.6110 4.0400 1.3840 4.1730 2.5430 3.6550 1.4520 3.7910 2.2420 3.1850 1.7410 3.3650 94.4914
1.9860 4.8880 2.4850 4.4340 1.4750 4.5130 2.6110 4.0380 1.3850 4.1700 2.5400 3.6510 1.4500 3.7870 2.2410 3.1800 1.7390 3.3600 94.5926
1.9860 4.8880 2.4850 4.4340 1.4750 4.5130 2.6100 4.0320 1.3850 4.1610 2.5330 3.6420 1.4470 3.7750 2.2360 3.1640 1.7360 3.3440 94.6941
1.9860 4.8880 2.4850 4.4340 1.4750 4.5130 2.6100 4.0320 1.3850 4.1610 2.5330 3.6420 1.4470 3.7750 2.2360 3.1640 1.7360 3.3440 94.7954
1.9860 4.8880 2.4850 4.4340 1.4750 4.5130 2.6090 4.0290 1.3850 4.1550 2.5280 3.6360 1.4440 3.7670 2.2330 3.1540 1.7330 3.3330 94.8970
1.9860 4.8880 2.4850 4.4340 1.4750 4.5130 2.6080 4.0240 1.3850 4.1490 2.5220 3.6290 1.4420 3.7570 2.2300 3.1420 1.7300 3.3210 94.9985
1.9860 4.8880 2.4850 4.4340 1.4750 4.5130 2.6080 4.0210 1.3840 4.1450 2.5190 3.6250 1.4410 3.7510 2.2290 3.1360 1.7280 3.3140 95.0998
1.9860 4.8880 2.4850 4.4340 1.4750 4.5130 2.6080 4.0210 1.3840 4.1450 2.5190 3.6250 1.4410 3.7510 2.2290 3.1360 1.7280 3.3140 95.2010
1.9860 4.8880 2.4850 4.4340 1.4740 4.5130 2.6080 4.0160 1.3830 4.1370 2.5110 3.6170 1.4390 3.7380 2.2250 3.1210 1.6940 3.1930 95.3020
1.9860 4.8880 2.4850 4.4340 1.4740 4.5130 2.6080 4.0160 1.3830 4.1370 2.5110 3.6170 1.4390 3.7380 2.2250 3.1210 1.6940 3.1930 95.4031
1.9860 4.8880 2.4850 4.4340 1.4740 4.5130 2.6070 4.0080 1.3810 4.1270 2.5010 3.6070 1.4380 3.7230 2.2220 3.1060 1.6880 3.1740 95.5042
1.9860 4.8880 2.4850 4.4340 1.4740 4.5130 2.6070 4.0080 1.3810 4.1270 2.5010 3.6070 1.4380 3.7230 2.2220 3.1060 1.6880 3.1740 95.6053
1.9860 4.8880 2.4850 4.4340 1.4740 4.5130 2.6060 4.0010 1.3780 4.1190 2.4900 3.5950 1.4370 3.7080 2.2190 3.0950 1.6820 3.1540 95.7066
1.9860 4.8880 2.4850 4.4340 1.4740 4.5130 2.6060 4.0010 1.3780 4.1190 2.4900 3.5950 1.4370 3.7080 2.2190 3.0950 1.6820 3.1540 95.8079
1.9860 4.8880 2.4850 4.4340 1.4740 4.5130 2.6060 4.0010 1.3780 4.1190 2.4900 3.5950 1.4370 3.7080 2.2190 3.0950 1.6820 3.1540 95.9095
1.9860 4.8880 2.4850 4.4340 1.4740 4.5130 2.6060 4.0010 1.3780 4.1190 2.4900 3.5950 1.4370 3.7080 2.2190 3.0950 1.6820 3.1540 96.0112
1.9860 4.8880 2.4850 4.4340 1.4740 4.5130 2.6060 3.9880 1.3710 4.1020 2.4660 3.5710 1.4390 3.6790 2.2160 3.0820 1.6720 3.1230 96.1132
1.9860 4.8880 2.4850 4.4340 1.4740 4.5130 2.6060 3.9880 1.3710 4.1020 2.4660 3.5710 1.4390 3.6790 2.2160 3.0820 1.6720 3.1230 96.2143
1.9860 4.8880 2.4850 4.4340 1.4740 4.5130 2.6050 3.9820 1.3670 4.0950 2.4550 3.5590 1.4410 3.6620 2.2150 3.0760 1.6680 3.1100 96.3157
1.9860 4.8880 2.4850 4.4340 1.4740 4.5130 2.6050 3.9820 1.3670 4.0950 2.4550 3.5590 1.4410 3.6620 2.2150 3.0760 1.6680 3.1100 96.4170
1.9860 4.8880 2.4850 4.4340 1.4740 4.5130 2.6040 3.9760 1.3620 4.0890 2.4460 3.5460 1.4440 3.6440 2.2140 3.0720 1.6640 3.1000 96.5184
1.9860 4.8880 2.4850 4.4340 1.4740 4.5130 2.6040 3.9760 1.3620 4.0890 2.4460 3.5460 1.4440 3.6440 2.2140 3.0720 1.6640 3.1000 96.6195
1.9860 4.8880 2.4850 4.4340 1.4740 4.5140 2.6030 3.9710 1.3590 4.0850 2.4400 3.5390 1.4450 3.6320 2.2140 3.0680 1.6620 3.0930 96.7210
1.9860 4.8880 2.4850 4.4340 1.4740 4.5140 2.6010 3.9670 1.3560 4.0800 2.4350 3.5310 1.4470 3.6200 2.2130 3.0640 1.6600 3.0870 96.8222
1.9860 4.8880 2.4850 4.4340 1.4740 4.5140 2.6000 3.9620 1.3530 4.0760 2.4300 3.5240 1.4490 3.6090 2.2120 3.0600 1.6580 3.0810 96.9235
1.9860 4.8880 2.4850 4.4340 1.4740 4.5140 2.5990 3.9600 1.3510 4.0740 2.4280 3.5210 1.4500 3.6030 2.2110 3.0580 1.6570 3.0790 97.0257
1.9860 4.8880 2.4850 4.4340 1.4740 4.5140 2.5960 3.9560 1.3480 4.0690 2.4240 3.5150 1.4510 3.5920 2.2090 3.0500 1.6560 3.0720 97.1275
1.9860 4.8880 2.4850 4.4340 1.4750 4.5170 2.5940 3.9530 1.3460 4.0660 2.4210 3.5100 1.4520 3.5850 2.2080 3.0460 1.6550 3.0690 97.2287
1.9860 4.8880 2.4850 4.4340 1.4750 4.5150 2.5920 3.9490 1.3420 4.0610 2.4180 3.5040 1.4530 3.5750 2.2060 3.0390 1.6530 3.0640 97.3300
1.9860 4.8880 2.4850 4.4340 1.4750 4.5150 2.5900 3.9460 1.3410 4.0590 2.4170 3.5010 1.4530 3.5710 2.2040 3.0340 1.6530 3.0600 97.4321
1.9860 4.8880 2.4850 4.4340 1.4750 4.5150 2.5880 3.9450 1.3390 4.0560 2.4150 3.4990 1.4540 3.5660 2.2020 3.0300 1.6520 3.0560 97.5334
1.9860 4.8880 2.4850 4.4340 1.4750 4.5150 2.5840 3.9400 1.3360 4.0500 2.4120 3.4910 1.4540 3.5550 2.1990 3.0210 1.6510 3.0490 97.6349
1.9860 4.8880 2.4850 4.4340 1.4750 4.5150 2.5840 3.9400 1.3360 4.0500 2.4120 3.4910 1.4540 3.5550 2.1990 3.0210 1.6510 3.0490 97.7367
1.9860 4.8880 2.4850 4.4340 1.4750 4.5150 2.5800 3.9370 1.3330 4.0450 2.4110 3.4840 1.4540 3.5460 2.1960 3.0150 1.6500 3.0420 97.8382
1.9860 4.8880 2.4850 4.4340 1.4750 4.5150 2.5800 3.9370 1.3330 4.0450 2.4110 3.4840 1.4540 3.5460 2.1960 3.0150 1.6500 3.0420 97.9393
1.9860 4.8880 2.4850 4.4340 1.4750 4.5150 2.5720 3.9320 1.3300 4.0360 2.4090 3.4720 1.4540 3.5320 2.1890 3.0020 1.6490 3.0280 98.0405
1.9860 4.8880 2.4850 4.4340 1.4750 4.5150 2.5700 3.9300 1.3290 4.0340 2.4090 3.4680 1.4530 3.5290 2.1860 2.9990 1.6490 3.0240 98.1419
1.9860 4.8880 2.4850 4.4340 1.4750 4.5150 2.5700 3.9300 1.3290 4.0340 2.4090 3.4680 1.4530 3.5290 2.1860 2.9990 1.6490 3.0240 98.2436
1.9860 4.8880 2.4850 4.4340 1.4750 4.5150 2.5640 3.9280 1.3270 4.0270 2.4080 3.4580 1.4520 3.5180 2.1800 2.9890 1.6500 3.0120 98.3447
1.9860 4.8880 2.4850 4.4340 1.4750 4.5150 2.5620 3.9270 1.3270 4.0250 2.4090 3.4540 1.4510 3.5140 2.1770 2.9850 1.6500 3.0090 98.4461
1.9860 4.8880 2.4850 4.4340 1.4750 4.5150 2.5570 3.9250 1.3260 4.0190 2.4100 3.4450 1.4490 3.5050 2.1710 2.9770 1.6510 2.9980 98.5475
1.9860 4.8880 2.4850 4.4340 1.4750 4.5150 2.5550 3.9240 1.3260 4.0170 2.4110 3.4410 1.4480 3.5020 2.1680 2.9730 1.6510 2.9940 98.6487
1.9860 4.8880 2.4850 4.4340 1.4750 4.5150 2.5510 3.9240 1.3260 4.0120 2.4120 3.4340 1.4460 3.4960 2.1630 2.9670 1.6520 2.9860 98.7498
1.9860 4.8880 2.4850 4.4340 1.4750 4.5150 2.5500 3.9230 1.3260 4.0100 2.4130 3.4310 1.4440 3.4920 2.1610 2.9640 1.6520 2.9830 98.8514
1.9860 4.8880 2.4850 4.4340 1.4750 4.5150 2.5470 3.9230 1.3260 4.0080 2.4140 3.4270 1.4430 3.4890 2.1580 2.9610 1.6530 2.9790 98.9531
1.9860 4.8880 2.4850 4.4340 1.4750 4.5150 2.5460 3.9230 1.3260 4.0060 2.4150 3.4230 1.4420 3.4860 2.1550 2.9580 1.6530 2.9750 99.0547
1.9860 4.8880 2.4850 4.4340 1.4750 4.5150 2.5460 3.9230 1.3260 4.0060 2.4150 3.4230 1.4420 3.4860 2.1550 2.9580 1.6530 2.9750 99.1564
1.9860 4.8880 2.4850 4.4340 1.4750 4.5150 2.5390 3.9220 1.3270 4.0010 2.4190 3.4120 1.4370 3.4760 2.1440 2.9480 1.6560 2.9620 99.2580
1.9860 4.8880 2.4850 4.4340 1.4750 4.5150 2.5350 3.9220 1.3280 3.9970 2.4220 3.4050 1.4340 3.4700 2.1370 2.9420 1.6570 2.9540 99.3591
1.9860 4.8880 2.4850 4.4340 1.4750 4.5150 2.5350 3.9220 1.3280 3.9970 2.4220 3.4050 1.4340 3.4700 2.1370 2.9420 1.6570 2.9540 99.4611
1.9860 4.8880 2.4850 4.4340 1.4750 4.5150 2.5350 3.9220 1.3280 3.9970 2.4220 3.4050 1.4340 3.4700 2.1370 2.9420 1.6570 2.9540 99.5631
1.9860 4.8880 2.4850 4.4340 1.4750 4.5150 2.5350 3.9220 1.3280 3.9970 2.4220 3.4050 1.4340 3.4700 2.1370 2.9420 1.6570 2.9540 99.6641
1.9860 4.8880 2.4850 4.4340 1.4750 4.5150 2.5260 3.9220 1.3330 3.9880 2.4290 3.3880 1.4240 3.4550 2.1180 2.9220 1.6610 2.9310 99.7655
1.9860 4.8880 2.4850 4.4340 1.4750 4.5150 2.5230 3.9220 1.3340 3.9860 2.4300 3.3850 1.4210 3.4510 2.1150 2.9190 1.6620 2.9270 99.8666
1.9860 4.8880 2.4850 4.4340 1.4750 4.5150 2.5210 3.9210 1.3360 3.9830 2.4320 3.3800 1.4180 3.4470 2.1090 2.9130 1.6630 2.9200 99.9680
1.9860 4.8880 2.4850 4.4340 1.4750 4.5150 2.5190 3.9210 1.3370 3.9810 2.4340 3.3750 1.4140 3.4420 2.1030 2.9070 1.6640 2.9130 100.0694
1.9860 4.8880 2.4850 4.4340 1.4750 4.5150 2.5180 3.9200 1.3380 3.9800 2.4340 3.3730 1.4130 3.4400 2.0990 2.9020 1.6650 2.9080 100.1708
1.9860 4.8880 2.4850 4.4340 1.4750 4.5150 2.5160 3.9200 1.3400 3.9780 2.4350 3.3700 1.4110 3.4380 2.0960 2.8990 1.6650 2.9050 100.2723
1.9860 4.8880 2.4850 4.4340 1.4750 4.5150 2.5150 3.9200 1.3410 3.9770 2.4360 3.3670 1.4090 3.4350 2.0920 2.8950 1.6660 2.9010 100.3736
1.9860 4.8880 2.4850 4.4340 1.4750 4.5150 2.5150 3.9200 1.3420 3.9760 2.4360 3.3650 1.4070 3.4330 2.0900 2.8920 1.6660 2.8970 100.4749
1.9860 4.8880 2.4850 4.4340 1.4750 4.5150 2.5130 3.9200 1.3440 3.9740 2.4370 3.3620 1.4040 3.4290 2.0840 2.8840 1.6670 2.8890 100.5762
1.9860 4.8880 2.4850 4.4340 1.4750 4.5150 2.5120 3.9200 1.3450 3.9730 2.4370 3.3590 1.4020 3.4260 2.0820 2.8810 1.6670 2.8860 100.6775
1.9860 4.8880 2.4850 4.4340 1.4750 4.5150 2.5110 3.9190 1.3470 3.9710 2.4370 3.3550 1.4000 3.4230 2.0760 2.8730 1.6670 2.8770 100.7788
1.9860 4.8880 2.4850 4.4340 1.4750 4.5150 2.5110 3.9190 1.3470 3.9710 2.4370 3.3550 1.4000 3.4230 2.0760 2.8730 1.6670 2.8770 100.8810
1.9860 4.8880 2.4850 4.4340 1.4750 4.5150 2.5110 3.9170 1.3490 3.9690 2.4360 3.3520 1.3980 3.4190 2.0730 2.8670 1.6660 2.8710 100.9822
1.9860 4.8880 2.4850 4.4340 1.4750 4.5150 2.5130 3.9150 1.3500 3.9670 2.4350 3.3490 1.3960 3.4150 2.0700 2.8610 1.6650 2.8650 101.0838
1.9860 4.8880 2.4850 4.4340 1.4750 4.5150 2.5140 3.9130 1.3510 3.9660 2.4350 3.3480 1.3950 3.4140 2.0690 2.8590 1.6640 2.8630 101.1854
1.9860 4.8880 2.4850 4.4340 1.4750 4.5150 2.5150 3.9120 1.3520 3.9660 2.4340 3.3460 1.3940 3.4120 2.0670 2.8550 1.6640 2.8590 101.2870
1.9860 4.8880 2.4850 4.4340 1.4750 4.5160 2.5190 3.9100 1.3530 3.9640 2.4310 3.3440 1.3930 3.4080 2.0650 2.8480 1.6620 2.8530 101.3887
1.9860 4.8880 2.4850 4.4340 1.4750 4.5160 2.5190 3.9100 1.3530 3.9640 2.4310 3.3440 1.3930 3.4080 2.0650 2.8480 1.6620 2.8530 101.4900
1.9860 4.8880 2.4850 4.4340 1.4750 4.5160 2.5190 3.9100 1.3530 3.9640 2.4310 3.3440 1.3930 3.4080 2.0650 2.8480 1.6620 2.8530 101.5916
1.9860 4.8880 2.4850 4.4340 1.4740 4.5160 2.5250 3.9080 1.3540 3.9600 2.4260 3.3410 1.3920 3.4030 2.0630 2.8400 1.6580 2.8450 101.6938
1.9860 4.8880 2.4850 4.4340 1.4750 4.5150 2.5280 3.9080 1.3550 3.9590 2.4230 3.3410 1.3920 3.4010 2.0630 2.8360 1.6570 2.8420 101.7956
1.9860 4.8880 2.4850 4.4340 1.4750 4.5150 2.5280 3.9080 1.3550 3.9590 2.4230 3.3410 1.3920 3.4010 2.0630 2.8360 1.6570 2.8420 101.8968
1.9860 4.8880 2.4850 4.4340 1.4750 4.5150 2.5280 3.9080 1.3550 3.9590 2.4230 3.3410 1.3920 3.4010 2.0630 2.8360 1.6570 2.8420 101.9982
1.9860 4.8880 2.4850 4.4340 1.4750 4.5150 2.5400 3.9070 1.3550 3.9550 2.4110 3.3430 1.3920 3.3940 2.0630 2.8220 1.6490 2.8320 102.0992
1.9860 4.8880 2.4850 4.4340 1.4750 4.5150 2.5420 3.9070 1.3550 3.9540 2.4100 3.3440 1.3930 3.3920 2.0630 2.8200 1.6470 2.8300 102.2006
1.9860 4.8880 2.4850 4.4340 1.4750 4.5150 2.5420 3.9070 1.3550 3.9540 2.4100 3.3440 1.3930 3.3920 2.0630 2.8200 1.6470 2.8300 102.3018
1.9860 4.8880 2.4850 4.4340 1.4750 4.5150 2.5470 3.9070 1.3540 3.9520 2.4050 3.3470 1.3940 3.3900 2.0650 2.8150 1.6440 2.8270 102.4033
1.9860 4.8880 2.4850 4.4340 1.4750 4.5150 2.5500 3.9080 1.3530 3.9510 2.4030 3.3480 1.3940 3.3890 2.0650 2.8130 1.6420 2.8250 102.5042
1.9860 4.8880 2.4850 4.4340 1.4750 4.5150 2.5520 3.9080 1.3530 3.9500 2.4010 3.3490 1.3950 3.3870 2.0660 2.8100 1.6400 2.8240 102.6052
1.9860 4.8880 2.4850 4.4340 1.4750 4.5150 2.5560 3.9080 1.3520 3.9490 2.3970 3.3520 1.3960 3.3850 2.0680 2.8050 1.6370 2.8210 102.7066
1.9860 4.8880 2.4850 4.4340 1.4750 4.5150 2.5580 3.9080 1.3510 3.9480 2.3940 3.3540 1.3970 3.3840 2.0690 2.8030 1.6350 2.8200 102.8080
1.9860 4.8880 2.4850 4.4340 1.4750 4.5150 2.5610 3.9080 1.3510 3.9480 2.3920 3.3560 1.3970 3.3830 2.0710 2.8000 1.6330 2.8180 102.9095
1.9860 4.8880 2.4850 4.4340 1.4750 4.5150 2.5630 3.9080 1.3500 3.9470 2.3910 3.3570 1.3980 3.3820 2.0730 2.7980 1.6310 2.8170 103.0115
1.9860 4.8880 2.4850 4.4340 1.4750 4.5150 2.5660 3.9080 1.3480 3.9460 2.3870 3.3590 1.4000 3.3800 2.0760 2.7940 1.6270 2.8150 103.1127
1.9860 4.8880 2.4850 4.4340 1.4750 4.5150 2.5680 3.9080 1.3470 3.9450 2.3850 3.3590 1.4010 3.3780 2.0770 2.7910 1.6250 2.8140 103.2143
1.9860 4.8880 2.4850 4.4340 1.4750 4.5150 2.5710 3.9080 1.3450 3.9450 2.3830 3.3610 1.4030 3.3760 2.0810 2.7870 1.6210 2.8130 103.3153
1.9860 4.8880 2.4850 4.4340 1.4750 4.5150 2.5710 3.9090 1.3450 3.9450 2.3830 3.3610 1.4040 3.3750 2.0830 2.7850 1.6190 2.8120 103.4164
1.9860 4.8880 2.4850 4.4340 1.4750 4.5150 2.5720 3.9090 1.3440 3.9450 2.3820 3.3620 1.4050 3.3740 2.0850 2.7830 1.6170 2.8110 103.5180
1.9860 4.8880 2.4850 4.4340 1.4750 4.5150 2.5720 3.9090 1.3440 3.9450 2.3820 3.3620 1.4050 3.3740 2.0850 2.7830 1.6170 2.8110 103.6194
1.9860 4.8880 2.4850 4.4340 1.4750 4.5150 2.5750 3.9100 1.3420 3.9440 2.3820 3.3640 1.4100 3.3710 2.0920 2.7770 1.6100 2.8080 103.7212
1.9860 4.8880 2.4850 4.4340 1.4750 4.5150 2.5750 3.9100 1.3410 3.9440 2.3810 3.3640 1.4110 3.3700 2.0940 2.7750 1.6080 2.8070 103.8225
1.9860 4.8880 2.4850 4.4340 1.4750 4.5150 2.5760 3.9100 1.3400 3.9440 2.3810 3.3640 1.4120 3.3690 2.0950 2.7740 1.6060 2.8070 103.9241
1.9860 4.8880 2.4850 4.4340 1.4750 4.5150 2.5760 3.9100 1.3400 3.9440 2.3810 3.3640 1.4120 3.3690 2.0950 2.7740 1.6060 2.8070 104.0253
1.9860 4.8880 2.4850 4.4340 1.4750 4.5150 2.5760 3.9100 1.3400 3.9440 2.3810 3.3640 1.4120 3.3690 2.0950 2.7740 1.6060 2.8070 104.1268
1.9860 4.8880 2.4850 4.4340 1.4750 4.5150 2.5800 3.9080 1.3380 3.9450 2.3800 3.3660 1.4170 3.3640 2.1000 2.7690 1.5970 2.8030 104.2279
1.9860 4.8880 2.4850 4.4340 1.4750 4.5150 2.5800 3.9080 1.3380 3.9450 2.3790 3.3660 1.4180 3.3630 2.1010 2.7690 1.5950 2.8020 104.3292
1.9860 4.8880 2.4850 4.4340 1.4750 4.5150 2.5810 3.9060 1.3370 3.9460 2.3780 3.3660 1.4200 3.3620 2.1000 2.7680 1.5930 2.8010 104.4310
1.9860 4.8880 2.4850 4.4340 1.4750 4.5150 2.5810 3.9060 1.3370 3.9460 2.3780 3.3660 1.4200 3.3620 2.1000 2.7680 1.5930 2.8010 104.5329
1.9860 4.8880 2.4850 4.4340 1.4750 4.5150 2.5820 3.9050 1.3370 3.9470 2.3770 3.3660 1.4210 3.3600 2.0990 2.7680 1.5910 2.7990 104.6343
1.9860 4.8880 2.4850 4.4340 1.4750 4.5150 2.5810 3.9030 1.3350 3.9490 2.3760 3.3650 1.4220 3.3590 2.0980 2.7670 1.5900 2.7980 104.7354
1.9860 4.8880 2.4850 4.4340 1.4750 4.5150 2.5810 3.9030 1.3350 3.9490 2.3760 3.3650 1.4220 3.3590 2.0980 2.7670 1.5900 2.7980 104.8366
1.9860 4.8880 2.4850 4.4340 1.4750 4.5150 2.5800 3.9010 1.3330 3.9500 2.3750 3.3640 1.4230 3.3570 2.0970 2.7650 1.5890 2.7970 104.9378
1.9860 4.8880 2.4850 4.4340 1.4750 4.5150 2.5800 3.9010 1.3330 3.9500 2.3750 3.3640 1.4230 3.3570 2.0970 2.7650 1.5890 2.7970 105.0392
1.9860 4.8880 2.4850 4.4340 1.4750 4.5150 2.5780 3.9010 1.3310 3.9510 2.3760 3.3630 1.4240 3.3550 2.0970 2.7640 1.5890 2.7970 105.1405
1.9860 4.8880 2.4850 4.4340 1.4750 4.5160 2.5770 3.9010 1.3310 3.9510 2.3770 3.3630 1.4240 3.3540 2.0970 2.7630 1.5890 2.7970 105.2427
1.9860 4.8880 2.4850 4.4340 1.4750 4.5160 2.5760 3.9020 1.3300 3.9500 2.3780 3.3630 1.4230 3.3530 2.0970 2.7630 1.5890 2.7970 105.3442
1.9860 4.8880 2.4850 4.4340 1.4750 4.5160 2.5740 3.9030 1.3290 3.9500 2.3810 3.3630 1.4230 3.3520 2.0970 2.7610 1.5890 2.7970 105.4549
1.9860 4.8880 2.4850 4.4340 1.4750 4.5160 2.5730 3.9040 1.3290 3.9490 2.3820 3.3640 1.4220 3.3510 2.0980 2.7610 1.5890 2.7970 105.5562
1.9860 4.8880 2.4850 4.4340 1.4750 4.5160 2.5730 3.9040 1.3290 3.9490 2.3820 3.3640 1.4220 3.3510 2.0980 2.7610 1.5890 2.7970 105.6578
1.9860 4.8880 2.4850 4.4340 1.4740 4.5160 2.5710 3.9080 1.3290 3.9480 2.3870 3.3660 1.4190 3.3500 2.1000 2.7600 1.5880 2.7970 105.7595
1.9860 4.8880 2.4850 4.4340 1.4740 4.5150 2.5700 3.9090 1.3300 3.9480 2.3890 3.3670 1.4180 3.3500 2.1000 2.7590 1.5880 2.7970 105.8609
1.9860 4.8880 2.4850 4.4340 1.4740 4.5150 2.5700 3.9090 1.3300 3.9480 2.3890 3.3670 1.4180 3.3500 2.1000 2.7590 1.5880 2.7970 105.9619
1.9860 4.8880 2.4850 4.4340 1.4740 4.5150 2.5700 3.9090 1.3300 3.9480 2.3890 3.3670 1.4180 3.3500 2.1000 2.7590 1.5880 2.7970 106.0630
1.9860 4.8880 2.4850 4.4340 1.4750 4.5150 2.5690 3.9180 1.3320 3.9470 2.3950 3.3730 1.4140 3.3530 2.1030 2.7590 1.5900 2.7960 106.1645
1.9860 4.8880 2.4850 4.4340 1.4750 4.5150 2.5680 3.9220 1.3340 3.9470 2.3990 3.3760 1.4120 3.3560 2.1020 2.7600 1.5910 2.7970 106.2656
1.9860 4.8880 2.4850 4.4340 1.4750 4.5150 2.5680 3.9220 1.3340 3.9470 2.3990 3.3760 1.4120 3.3560 2.1020 2.7600 1.5910 2.7970 106.3666
1.9860 4.8880 2.4850 4.4340 1.4750 4.5150 2.5680 3.9220 1.3340 3.9470 2.3990 3.3760 1.4120 3.3560 2.1020 2.7600 1.5910 2.7970 106.4680
1.9860 4.8880 2.4850 4.4340 1.4750 4.5150 2.5680 3.9220 1.3340 3.9470 2.3990 3.3760 1.4120 3.3560 2.1020 2.7600 1.5910 2.7970 106.5694
1.9860 4.8880 2.4850 4.4340 1.4750 4.5150 2.5680 3.9270 1.3380 3.9470 2.4020 3.3800 1.4110 3.3590 2.0990 2.7610 1.5940 2.7980 106.6710
1.9860 4.8880 2.4850 4.4340 1.4750 4.5150 2.5680 3.9270 1.3380 3.9470 2.4020 3.3800 1.4110 3.3590 2.0990 2.7610 1.5940 2.7980 106.7721
1.9860 4.8880 2.4850 4.4340 1.4750 4.5150 2.5680 3.9270 1.3380 3.9470 2.4020 3.3800 1.4110 3.3590 2.0990 2.7610 1.5940 2.7980 106.8736
1.9860 4.8880 2.4850 4.4340 1.4750 4.5150 2.5690 3.9290 1.3410 3.9470 2.4030 3.3820 1.4090 3.3620 2.0970 2.7620 1.5960 2.7980 106.9748
1.9860 4.8880 2.4850 4.4340 1.4750 4.5150 2.5690 3.9300 1.3340 3.9500 2.4040 3.3830 1.4090 3.3620 2.0960 2.7620 1.5970 2.7990 107.0757
1.9860 4.8880 2.4850 4.4340 1.4750 4.5150 2.5690 3.9300 1.3350 3.9490 2.4040 3.3840 1.4080 3.3630 2.0950 2.7620 1.5980 2.7990 107.1775
1.9860 4.8880 2.4850 4.4340 1.4750 4.5150 2.5690 3.9300 1.3350 3.9490 2.4040 3.3840 1.4080 3.3630 2.0950 2.7620 1.5980 2.7990 107.2788
1.9860 4.8880 2.4850 4.4340 1.4750 4.5150 2.5690 3.9300 1.3350 3.9490 2.4040 3.3840 1.4080 3.3630 2.0950 2.7620 1.5980 2.7990 107.3800
1.9860 4.8880 2.4850 4.4340 1.4750 4.5150 2.5690 3.9300 1.3350 3.9490 2.4040 3.3840 1.4080 3.3630 2.0950 2.7620 1.5980 2.7990 107.4813
1.9860 4.8880 2.4850 4.4340 1.4750 4.5150 2.5690 3.9300 1.3350 3.9490 2.4040 3.3840 1.4080 3.3630 2.0950 2.7620 1.5980 2.7990 107.5839
1.9860 4.8880 2.4850 4.4340 1.4750 4.5150 2.5680 3.9330 1.3320 3.9470 2.4060 3.3850 1.4070 3.3640 2.0900 2.7620 1.6010 2.8010 107.6852
1.9860 4.8880 2.4850 4.4340 1.4750 4.5150 2.5680 3.9330 1.3320 3.9460 2.4060 3.3850 1.4070 3.3640 2.0890 2.7620 1.6020 2.8010 107.7866
1.9860 4.8880 2.4850 4.4340 1.4750 4.5150 2.5670 3.9340 1.3320 3.9450 2.4070 3.3850 1.4060 3.3650 2.0870 2.7620 1.6020 2.8020 107.8877
1.9860 4.8880 2.4850 4.4340 1.4750 4.5150 2.5670 3.9340 1.3320 3.9450 2.4070 3.3850 1.4060 3.3650 2.0870 2.7620 1.6020 2.8020 107.9892
1.9860 4.8880 2.4850 4.4340 1.4750 4.5150 2.5670 3.9340 1.3320 3.9450 2.4070 3.3850 1.4060 3.3650 2.0870 2.7620 1.6020 2.8020 108.0907
1.9860 4.8880 2.4850 4.4340 1.4750 4.5150 2.5670 3.9340 1.3320 3.9450 2.4070 3.3850 1.4060 3.3650 2.0870 2.7620 1.6020 2.8020 108.1922
1.9860 4.8880 2.4850 4.4340 1.4750 4.5150 2.5670 3.9340 1.3320 3.9450 2.4070 3.3850 1.4060 3.3650 2.0870 2.7620 1.6020 2.8020 108.2933
1.9860 4.8880 2.4850 4.4340 1.4750 4.5150 2.5640 3.9350 1.3340 3.9420 2.4100 3.3850 1.4040 3.3660 2.0810 2.7630 1.6080 2.8060 108.3948
1.9860 4.8880 2.4850 4.4340 1.4750 4.5150 2.5630 3.9350 1.3340 3.9410 2.4110 3.3840 1.4020 3.3680 2.0780 2.7650 1.6100 2.8070 108.4960
1.9860 4.8880 2.4850 4.4340 1.4750 4.5150 2.5620 3.9350 1.3350 3.9410 2.4110 3.3840 1.4010 3.3680 2.0780 2.7650 1.6100 2.8080 108.5971
1.9860 4.8880 2.4850 4.4340 1.4750 4.5150 2.5620 3.9350 1.3350 3.9410 2.4110 3.3840 1.4010 3.3680 2.0780 2.7650 1.6100 2.8080 108.6989
1.9860 4.8880 2.4850 4.4340 1.4750 4.5150 2.5600 3.9340 1.3350 3.9420 2.4130 3.3830 1.3990 3.3700 2.0740 2.7690 1.6130 2.8110 108.8003
1.9860 4.8880 2.4850 4.4340 1.4750 4.5150 2.5600 3.9330 1.3350 3.9420 2.4130 3.3830 1.3980 3.3710 2.0740 2.7700 1.6140 2.8120 108.9015
1.9860 4.8880 2.4850 4.4340 1.4750 4.5150 2.5610 3.9310 1.3350 3.9430 2.4120 3.3820 1.3970 3.3720 2.0730 2.7720 1.6160 2.8140 109.0032
1.9860 4.8880 2.4850 4.4340 1.4750 4.5150 2.5620 3.9300 1.3350 3.9430 2.4120 3.3810 1.3960 3.3730 2.0730 2.7730 1.6170 2.8150 109.1047
1.9860 4.8880 2.4850 4.4340 1.4750 4.5150 2.5630 3.9290 1.3350 3.9440 2.4110 3.3810 1.3950 3.3750 2.0730 2.7740 1.6170 2.8160 109.2069
1.9860 4.8880 2.4850 4.4340 1.4750 4.5150 2.5630 3.9290 1.3350 3.9440 2.4110 3.3810 1.3950 3.3750 2.0730 2.7740 1.6170 2.8160 109.3085
1.9860 4.8880 2.4850 4.4340 1.4750 4.5150 2.5630 3.9290 1.3350 3.9440 2.4110 3.3810 1.3950 3.3750 2.0730 2.7740 1.6170 2.8160 109.4098
1.9860 4.8880 2.4850 4.4340 1.4750 4.5150 2.5650 3.9290 1.3360 3.9450 2.4090 3.3800 1.3930 3.3780 2.0740 2.7770 1.6180 2.8190 109.5114
1.9860 4.8880 2.4850 4.4340 1.4750 4.5150 2.5650 3.9290 1.3360 3.9450 2.4090 3.3800 1.3930 3.3780 2.0740 2.7770 1.6180 2.8190 109.6128
1.9860 4.8880 2.4850 4.4340 1.4750 4.5150 2.5650 3.9290 1.3360 3.9450 2.4090 3.3800 1.3930 3.3780 2.0740 2.7770 1.6180 2.8190 109.7143
1.9860 4.8880 2.4850 4.4340 1.4750 4.5150 2.5650 3.9290 1.3360 3.9450 2.4090 3.3800 1.3930 3.3780 2.0740 2.7770 1.6180 2.8190 109.8161
1.9860 4.8880 2.4850 4.4340 1.4750 4.5150 2.5650 3.9290 1.3360 3.9450 2.4090 3.3800 1.3930 3.3780 2.0740 2.7770 1.6180 2.8190 109.9173
1.9860 4.8880 2.4850 4.4340 1.4750 4.5150 2.5730 3.9250 1.3350 3.9500 2.4020 3.3790 1.3900 3.3850 2.0850 2.7780 1.6190 2.8250 110.0187
1.9860 4.8880 2.4850 4.4340 1.4750 4.5150 2.5730 3.9250 1.3350 3.9500 2.4020 3.3790 1.3900 3.3850 2.0850 2.7780 1.6190 2.8250 110.1205
1.9860 4.8880 2.4850 4.4340 1.4750 4.5150 2.5770 3.9240 1.3350 3.9510 2.4000 3.3800 1.3900 3.3880 2.0880 2.7770 1.6180 2.8270 110.2217
1.9860 4.8880 2.4850 4.4340 1.4750 4.5150 2.5770 3.9240 1.3350 3.9510 2.4000 3.3800 1.3900 3.3880 2.0880 2.7770 1.6180 2.8270 110.3229
1.9860 4.8880 2.4850 4.4340 1.4750 4.5150 2.5800 3.9230 1.3350 3.9520 2.3970 3.3800 1.3900 3.3900 2.0920 2.7730 1.6160 2.8300 110.4245
1.9860 4.8880 2.4850 4.4340 1.4750 4.5150 2.5820 3.9210 1.3340 3.9540 2.3940 3.3810 1.3900 3.3930 2.0950 2.7690 1.6150 2.8320 110.5260
1.9860 4.8880 2.4850 4.4340 1.4750 4.5150 2.5820 3.9210 1.3340 3.9540 2.3940 3.3810 1.3900 3.3930 2.0950 2.7690 1.6150 2.8320 110.6279
1.9860 4.8880 2.4850 4.4340 1.4750 4.5150 2.5820 3.9210 1.3340 3.9540 2.3940 3.3810 1.3900 3.3930 2.0950 2.7690 1.6150 2.8320 110.7289
1.9860 4.8880 2.4850 4.4340 1.4750 4.5150 2.5820 3.9210 1.3340 3.9540 2.3940 3.3810 1.3900 3.3930 2.0950 2.7690 1.6150 2.8320 110.8303
1.9860 4.8880 2.4850 4.4340 1.4750 4.5150 2.5820 3.9210 1.3340 3.9540 2.3940 3.3810 1.3900 3.3930 2.0950 2.7690 1.6150 2.8320 110.9314
1.9860 4.8880 2.4850 4.4340 1.4750 4.5150 2.5880 3.9180 1.3330 3.9580 2.3840 3.3860 1.3900 3.3990 2.1050 2.7530 1.6090 2.8390 111.0325
1.9860 4.8880 2.4850 4.4340 1.4750 4.5150 2.5900 3.9160 1.3320 3.9590 2.3800 3.3870 1.3910 3.4010 2.1080 2.7480 1.6060 2.8420 111.1353
1.9860 4.8880 2.4850 4.4340 1.4750 4.5150 2.5900 3.9160 1.3320 3.9590 2.3800 3.3870 1.3910 3.4010 2.1080 2.7480 1.6060 2.8420 111.2368
1.9860 4.8880 2.4850 4.4340 1.4750 4.5150 2.5900 3.9160 1.3320 3.9590 2.3800 3.3870 1.3910 3.4010 2.1080 2.7480 1.6060 2.8420 111.3381
1.9860 4.8880 2.4850 4.4340 1.4750 4.5150 2.5920 3.9130 1.3310 3.9620 2.3740 3.3900 1.3920 3.4060 2.1120 2.7400 1.6000 2.8480 111.4393
1.9860 4.8880 2.4850 4.4340 1.4750 4.5160 2.5930 3.9110 1.3300 3.9640 2.3700 3.3910 1.3930 3.4090 2.1160 2.7350 1.5970 2.8510 111.5408
1.9860 4.8880 2.4850 4.4340 1.4750 4.5160 2.5930 3.9100 1.3300 3.9650 2.3680 3.3910 1.3940 3.4100 2.1190 2.7320 1.5950 2.8530 111.6424
1.9860 4.8880 2.4850 4.4340 1.4750 4.5160 2.5930 3.9100 1.3300 3.9650 2.3680 3.3910 1.3940 3.4100 2.1190 2.7320 1.5950 2.8530 111.7440
1.9860 4.8880 2.4850 4.4340 1.4750 4.5160 2.5940 3.9070 1.3290 3.9670 2.3660 3.3910 1.3950 3.4130 2.1180 2.7310 1.5920 2.8560 111.8455
1.9860 4.8880 2.4850 4.4340 1.4750 4.5160 2.5940 3.9070 1.3290 3.9670 2.3660 3.3910 1.3950 3.4130 2.1180 2.7310 1.5920 2.8560 111.9467
1.9860 4.8880 2.4850 4.4340 1.4750 4.5160 2.5940 3.9040 1.3270 3.9690 2.3660 3.3930 1.3960 3.4180 2.1170 2.7310 1.5900 2.8590 112.0477
1.9860 4.8880 2.4850 4.4340 1.4750 4.5160 2.5940 3.9040 1.3270 3.9690 2.3660 3.3930 1.3960 3.4180 2.1170 2.7310 1.5900 2.8590 112.1492
1.9860 4.8880 2.4850 4.4340 1.4740 4.5160 2.5930 3.9010 1.3260 3.9720 2.3650 3.3930 1.3970 3.4220 2.1150 2.7300 1.5890 2.8620 112.2507
1.9860 4.8880 2.4850 4.4340 1.4740 4.5160 2.5930 3.9010 1.3260 3.9730 2.3650 3.3930 1.3980 3.4230 2.1140 2.7290 1.5890 2.8620 112.3518
1.9860 4.8880 2.4850 4.4340 1.4740 4.5160 2.5930 3.9010 1.3260 3.9730 2.3650 3.3930 1.3980 3.4230 2.1140 2.7290 1.5890 2.8620 112.4532
1.9860 4.8880 2.4850 4.4340 1.4740 4.5160 2.5930 3.9010 1.3260 3.9730 2.3650 3.3930 1.3980 3.4230 2.1140 2.7290 1.5890 2.8620 112.5544
1.9860 4.8880 2.4850 4.4340 1.4740 4.5160 2.5930 3.9010 1.3260 3.9730 2.3650 3.3930 1.3980 3.4230 2.1140 2.7290 1.5890 2.8620 112.6556
1.9860 4.8880 2.4850 4.4340 1.4740 4.5160 2.5910 3.8970 1.3240 3.9780 2.3660 3.3900 1.3990 3.4290 2.1120 2.7250 1.5890 2.8630 112.7567
1.9860 4.8880 2.4850 4.4340 1.4740 4.5160 2.5910 3.8970 1.3240 3.9780 2.3660 3.3900 1.3990 3.4290 2.1120 2.7250 1.5890 2.8630 112.8577
1.9860 4.8880 2.4850 4.4340 1.4740 4.5160 2.5880 3.8960 1.3240 3.9810 2.3660 3.3880 1.3990 3.4330 2.1100 2.7250 1.5890 2.8630 112.9589
1.9860 4.8880 2.4850 4.4340 1.4740 4.5160 2.5880 3.8960 1.3240 3.9810 2.3660 3.3880 1.3990 3.4330 2.1100 2.7250 1.5890 2.8630 113.0602
1.9860 4.8880 2.4850 4.4340 1.4740 4.5160 2.5860 3.8960 1.3240 3.9830 2.3660 3.3870 1.3990 3.4350 2.1100 2.7260 1.5900 2.8630 113.1615
1.9860 4.8880 2.4850 4.4340 1.4740 4.5160 2.5860 3.8960 1.3240 3.9830 2.3660 3.3870 1.3990 3.4350 2.1100 2.7260 1.5900 2.8630 113.2630
1.9860 4.8880 2.4850 4.4340 1.4740 4.5160 2.5840 3.8980 1.3240 3.9860 2.3650 3.3890 1.3980 3.4370 2.1110 2.7280 1.5900 2.8630 113.3643
1.9860 4.8880 2.4850 4.4340 1.4740 4.5160 2.5840 3.9000 1.3240 3.9870 2.3650 3.3900 1.3980 3.4370 2.1120 2.7280 1.5900 2.8630 113.4660
1.9860 4.8880 2.4850 4.4340 1.4740 4.5160 2.5840 3.9000 1.3240 3.9870 2.3650 3.3900 1.3980 3.4370 2.1120 2.7280 1.5900 2.8630 113.5676
1.9860 4.8880 2.4850 4.4340 1.4740 4.5160 2.5840 3.9000 1.3240 3.9870 2.3650 3.3900 1.3980 3.4370 2.1120 2.7280 1.5900 2.8630 113.6688
1.9860 4.8880 2.4850 4.4340 1.4740 4.5160 2.5840 3.9000 1.3240 3.9870 2.3650 3.3900 1.3980 3.4370 2.1120 2.7280 1.5900 2.8630 113.7711
1.9860 4.8880 2.4850 4.4340 1.4740 4.5160 2.5850 3.9090 1.3240 3.9910 2.3630 3.3920 1.3970 3.4410 2.1060 2.7230 1.5920 2.8630 113.8728
1.9860 4.8880 2.4850 4.4340 1.4740 4.5160 2.5850 3.9090 1.3240 3.9910 2.3630 3.3920 1.3970 3.4410 2.1060 2.7230 1.5920 2.8630 113.9738
1.9860 4.8880 2.4850 4.4340 1.4740 4.5160 2.5850 3.9090 1.3240 3.9910 2.3630 3.3920 1.3970 3.4410 2.1060 2.7230 1.5920 2.8630 114.0751
1.9860 4.8880 2.4850 4.4340 1.4740 4.5160 2.5910 3.9140 1.3250 3.9930 2.3590 3.3880 1.3960 3.4420 2.1060 2.7220 1.5940 2.8610 114.1763
1.9860 4.8880 2.4850 4.4340 1.4740 4.5160 2.5930 3.9160 1.3250 3.9940 2.3580 3.3850 1.3960 3.4430 2.1070 2.7220 1.5950 2.8600 114.2778
1.9860 4.8880 2.4850 4.4340 1.4750 4.5160 2.5950 3.9180 1.3260 3.9940 2.3560 3.3830 1.3950 3.4430 2.1070 2.7240 1.5960 2.8600 114.3790
1.9860 4.8880 2.4850 4.4340 1.4750 4.5160 2.6000 3.9210 1.3260 3.9950 2.3550 3.3790 1.3950 3.4430 2.1070 2.7280 1.5970 2.8580 114.4807
1.9860 4.8880 2.4850 4.4340 1.4750 4.5160 2.6010 3.9210 1.3260 3.9960 2.3540 3.3780 1.3950 3.4440 2.1060 2.7300 1.5970 2.8580 114.5819
1.9860 4.8880 2.4850 4.4340 1.4750 4.5160 2.6040 3.9230 1.3260 3.9960 2.3530 3.3800 1.3940 3.4440 2.1060 2.7330 1.5980 2.8570 114.6830
1.9860 4.8880 2.4850 4.4340 1.4750 4.5150 2.6070 3.9250 1.3270 3.9970 2.3520 3.3800 1.3940 3.4440 2.1040 2.7390 1.5990 2.8560 114.7845
1.9860 4.8880 2.4850 4.4340 1.4750 4.5150 2.6070 3.9250 1.3270 3.9970 2.3520 3.3800 1.3940 3.4440 2.1040 2.7390 1.5990 2.8560 114.8860
1.9860 4.8880 2.4850 4.4340 1.4750 4.5150 2.6120 3.9300 1.3280 3.9980 2.3500 3.3780 1.3930 3.4450 2.0990 2.7490 1.6020 2.8550 114.9873
1.9860 4.8880 2.4850 4.4340 1.4750 4.5150 2.6140 3.9320 1.3280 3.9990 2.3500 3.3770 1.3930 3.4450 2.0950 2.7550 1.6030 2.8540 115.0888
1.9860 4.8880 2.4850 4.4340 1.4750 4.5150 2.6150 3.9320 1.3290 4.0000 2.3500 3.3760 1.3940 3.4450 2.0930 2.7570 1.6030 2.8540 115.1899
1.9860 4.8880 2.4850 4.4340 1.4750 4.5150 2.6160 3.9320 1.3290 4.0010 2.3500 3.3750 1.3940 3.4460 2.0920 2.7570 1.6030 2.8540 115.2911
1.9860 4.8880 2.4850 4.4340 1.4750 4.5150 2.6180 3.9330 1.3320 4.0020 2.3540 3.3760 1.3960 3.4480 2.0870 2.7590 1.6040 2.8550 115.3923
1.9860 4.8880 2.4850 4.4340 1.4750 4.5150 2.6180 3.9330 1.3320 4.0020 2.3540 3.3760 1.3960 3.4480 2.0870 2.7590 1.6040 2.8550 115.4935
1.9860 4.8880 2.4850 4.4340 1.4750 4.5150 2.6180 3.9330 1.3320 4.0020 2.3540 3.3760 1.3960 3.4480 2.0870 2.7590 1.6040 2.8550 115.5949
1.9860 4.8880 2.4850 4.4340 1.4750 4.5150 2.6190 3.9380 1.3370 4.0000 2.3630 3.3800 1.3960 3.4530 2.0660 2.7580 1.6040 2.8540 115.6961
1.9860 4.8880 2.4850 4.4340 1.4750 4.5150 2.6170 3.9390 1.3380 3.9990 2.3660 3.3810 1.3950 3.4540 2.0540 2.7570 1.6050 2.8550 115.7976
1.9860 4.8880 2.4850 4.4340 1.4750 4.5150 2.6160 3.9400 1.3380 3.9980 2.3660 3.3810 1.3940 3.4540 2.0500 2.7570 1.6060 2.8570 115.8992
1.9860 4.8880 2.4850 4.4340 1.4750 4.5150 2.6150 3.9400 1.3380 3.9980 2.3670 3.3850 1.3940 3.4540 2.0410 2.7560 1.6060 2.8580 116.0003
1.9860 4.8880 2.4850 4.4340 1.4750 4.5150 2.6140 3.9410 1.3380 3.9970 2.3670 3.3880 1.3940 3.4540 2.0330 2.7550 1.6070 2.8610 116.1019
1.9860 4.8880 2.4850 4.4340 1.4750 4.5150 2.6130 3.9410 1.3380 3.9960 2.3670 3.3890 1.3940 3.4530 2.0290 2.7550 1.6080 2.8620 116.2036
1.9860 4.8880 2.4850 4.4340 1.4750 4.5150 2.6130 3.9410 1.3380 3.9960 2.3670 3.3890 1.3940 3.4530 2.0290 2.7550 1.6080 2.8620 116.3054
1.9860 4.8880 2.4850 4.4340 1.4750 4.5150 2.6100 3.9400 1.3380 3.9940 2.3620 3.3990 1.3930 3.4530 2.0120 2.7530 1.6110 2.8710 116.4070
1.9860 4.8880 2.4850 4.4340 1.4750 4.5150 2.6100 3.9400 1.3380 3.9940 2.3620 3.3990 1.3930 3.4530 2.0120 2.7530 1.6110 2.8710 116.5084
1.9860 4.8880 2.4850 4.4340 1.4750 4.5150 2.6100 3.9400 1.3380 3.9940 2.3620 3.3990 1.3930 3.4530 2.0120 2.7530 1.6110 2.8710 116.6102
1.9860 4.8880 2.4850 4.4340 1.4750 4.5150 2.6100 3.9400 1.3380 3.9940 2.3620 3.3990 1.3930 3.4530 2.0120 2.7530 1.6110 2.8710 116.7117
1.9860 4.8880 2.4850 4.4340 1.4750 4.5150 2.6120 3.9350 1.3370 3.9920 2.3580 3.4130 1.3930 3.4510 1.9990 2.7540 1.6130 2.8820 116.8128
1.9860 4.8880 2.4850 4.4340 1.4750 4.5150 2.6120 3.9350 1.3370 3.9920 2.3580 3.4130 1.3930 3.4510 1.9990 2.7540 1.6130 2.8820 116.9138
1.9860 4.8880 2.4850 4.4340 1.4750 4.5150 2.6160 3.9310 1.3370 3.9910 2.3570 3.4170 1.3930 3.4510 1.9970 2.7540 1.6130 2.8850 117.0152
1.9860 4.8880 2.4850 4.4340 1.4750 4.5150 2.6210 3.9250 1.3360 3.9910 2.3560 3.4200 1.3930 3.4500 1.9960 2.7540 1.6130 2.8890 117.1166
1.9860 4.8880 2.4850 4.4340 1.4750 4.5150 2.6230 3.9230 1.3360 3.9900 2.3560 3.4220 1.3930 3.4500 1.9950 2.7530 1.6120 2.8900 117.2185
1.9860 4.8880 2.4850 4.4340 1.4750 4.5150 2.6240 3.9220 1.3360 3.9900 2.3570 3.4240 1.3930 3.4500 1.9940 2.7530 1.6120 2.8910 117.3205
1.9860 4.8880 2.4850 4.4340 1.4750 4.5150 2.6260 3.9200 1.3360 3.9900 2.3570 3.4260 1.3930 3.4490 1.9920 2.7540 1.6110 2.8930 117.4231
1.9860 4.8880 2.4850 4.4340 1.4750 4.5160 2.6270 3.9190 1.3360 3.9890 2.3570 3.4270 1.3930 3.4490 1.9920 2.7550 1.6110 2.8930 117.5244
1.9860 4.8880 2.4850 4.4340 1.4750 4.5160 2.6290 3.9190 1.3350 3.9890 2.3580 3.4280 1.3930 3.4490 1.9910 2.7560 1.6100 2.8940 117.6253
1.9860 4.8880 2.4850 4.4340 1.4750 4.5160 2.6290 3.9190 1.3350 3.9880 2.3580 3.4300 1.3930 3.4480 1.9910 2.7580 1.6100 2.8940 117.7298
1.9860 4.8880 2.4850 4.4340 1.4750 4.5160 2.6290 3.9190 1.3350 3.9880 2.3580 3.4300 1.3930 3.4480 1.9910 2.7580 1.6100 2.8940 117.8311
1.9860 4.8880 2.4850 4.4340 1.4750 4.5160 2.6320 3.9180 1.3360 3.9900 2.3580 3.4310 1.3940 3.4500 1.9960 2.7650 1.6100 2.8940 117.9323
1.9860 4.8880 2.4850 4.4340 1.4750 4.5160 2.6320 3.9180 1.3360 3.9900 2.3580 3.4310 1.3940 3.4500 1.9960 2.7650 1.6100 2.8940 118.0338
1.9860 4.8880 2.4850 4.4340 1.4750 4.5160 2.6320 3.9180 1.3360 3.9900 2.3580 3.4310 1.3940 3.4500 1.9960 2.7650 1.6100 2.8940 118.1350
1.9860 4.8880 2.4850 4.4340 1.4750 4.5160 2.6320 3.9180 1.3360 3.9900 2.3580 3.4310 1.3940 3.4500 1.9960 2.7650 1.6100 2.8940 118.2362
1.9860 4.8880 2.4850 4.4340 1.4740 4.5160 2.6340 3.9140 1.3360 3.9900 2.3600 3.4260 1.3950 3.4510 2.0090 2.7770 1.6080 2.8940 118.3373
1.9860 4.8880 2.4850 4.4340 1.4740 4.5160 2.6340 3.9130 1.3360 3.9900 2.3600 3.4240 1.3920 3.4510 2.0160 2.7830 1.6060 2.8920 118.4389
1.9860 4.8880 2.4850 4.4340 1.4740 4.5160 2.6340 3.9120 1.3360 3.9910 2.3590 3.4230 1.3930 3.4510 2.0200 2.7860 1.6050 2.8910 118.5403
1.9860 4.8880 2.4850 4.4340 1.4740 4.5160 2.6330 3.9110 1.3360 3.9910 2.3580 3.4220 1.3930 3.4510 2.0290 2.7920 1.6040 2.8890 118.6415
1.9860 4.8880 2.4850 4.4340 1.4740 4.5160 2.6330 3.9100 1.3350 3.9920 2.3580 3.4220 1.3930 3.4510 2.0330 2.7950 1.6030 2.8880 118.7428
1.9860 4.8880 2.4850 4.4340 1.4740 4.5160 2.6320 3.9100 1.3350 3.9920 2.3590 3.4210 1.3930 3.4510 2.0380 2.7980 1.6020 2.8880 118.8441
1.9860 4.8880 2.4850 4.4340 1.4740 4.5160 2.6320 3.9090 1.3340 3.9920 2.3600 3.4220 1.3930 3.4510 2.0430 2.8020 1.6020 2.8870 118.9454
1.9860 4.8880 2.4850 4.4340 1.4740 4.5150 2.6300 3.9100 1.3340 3.9930 2.3600 3.4230 1.3930 3.4510 2.0480 2.8050 1.6010 2.8850 119.0469
1.9860 4.8880 2.4850 4.4340 1.4740 4.5160 2.6290 3.9110 1.3340 3.9930 2.3610 3.4240 1.3930 3.4500 2.0530 2.8090 1.6000 2.8840 119.1480
1.9860 4.8880 2.4850 4.4340 1.4740 4.5160 2.6290 3.9110 1.3340 3.9930 2.3610 3.4240 1.3930 3.4500 2.0530 2.8090 1.6000 2.8840 119.2492
1.9860 4.8880 2.4850 4.4340 1.4740 4.5160 2.6290 3.9110 1.3340 3.9930 2.3610 3.4240 1.3930 3.4500 2.0530 2.8090 1.6000 2.8840 119.3504
1.9860 4.8880 2.4850 4.4340 1.4740 4.5160 2.6280 3.9120 1.3340 3.9920 2.3610 3.4250 1.3930 3.4500 2.0580 2.8120 1.5990 2.8820 119.4516
1.9860 4.8880 2.4850 4.4340 1.4750 4.5160 2.6260 3.9130 1.3340 3.9900 2.3610 3.4260 1.3930 3.4500 2.0640 2.8160 1.5980 2.8820 119.5531
1.9860 4.8880 2.4850 4.4340 1.4750 4.5160 2.6250 3.9150 1.3350 3.9910 2.3610 3.4260 1.3920 3.4490 2.0690 2.8190 1.5970 2.8810 119.6542
1.9860 4.8880 2.4850 4.4340 1.4750 4.5160 2.6240 3.9170 1.3360 3.9930 2.3610 3.4270 1.3920 3.4480 2.0740 2.8230 1.5970 2.8800 119.7563
1.9860 4.8880 2.4850 4.4340 1.4750 4.5160 2.6240 3.9170 1.3360 3.9930 2.3610 3.4270 1.3920 3.4480 2.0740 2.8230 1.5970 2.8800 119.8576
1.9860 4.8880 2.4850 4.4340 1.4750 4.5160 2.6240 3.9170 1.3360 3.9930 2.3610 3.4270 1.3920 3.4480 2.0740 2.8230 1.5970 2.8800 119.9590
1.9860 4.8880 2.4850 4.4340 1.4750 4.5160 2.6240 3.9170 1.3360 3.9930 2.3610 3.4270 1.3920 3.4480 2.0740 2.8230 1.5970 2.8800 120.0604
1.9860 4.8880 2.4850 4.4340 1.4750 4.5160 2.6240 3.9190 1.3360 3.9920 2.3610 3.4280 1.3920 3.4470 2.0860 2.8310 1.5970 2.8800 120.1621
1.9860 4.8880 2.4850 4.4340 1.4750 4.5160 2.6240 3.9190 1.3360 3.9920 2.3610 3.4280 1.3920 3.4470 2.0860 2.8310 1.5970 2.8800 120.2633
1.9860 4.8880 2.4850 4.4340 1.4750 4.5150 2.6230 3.9220 1.3360 3.9910 2.3600 3.4280 1.3930 3.4470 2.0910 2.8340 1.5970 2.8800 120.3647
1.9860 4.8880 2.4850 4.4340 1.4750 4.5160 2.6220 3.9260 1.3370 3.9900 2.3610 3.4260 1.3900 3.4450 2.0980 2.8390 1.5960 2.8800 120.4660
1.9860 4.8880 2.4850 4.4340 1.4750 4.5160 2.6220 3.9260 1.3370 3.9900 2.3610 3.4260 1.3900 3.4450 2.0980 2.8390 1.5960 2.8800 120.5673
1.9860 4.8880 2.4850 4.4340 1.4750 4.5150 2.6220 3.9290 1.3370 3.9900 2.3610 3.4260 1.3910 3.4460 2.1030 2.8420 1.5970 2.8800 120.6683
1.9860 4.8880 2.4850 4.4340 1.4750 4.5150 2.6220 3.9290 1.3370 3.9900 2.3610 3.4260 1.3910 3.4460 2.1030 2.8420 1.5970 2.8800 120.7693
1.9860 4.8880 2.4850 4.4340 1.4750 4.5150 2.6220 3.9290 1.3370 3.9900 2.3610 3.4260 1.3910 3.4460 2.1030 2.8420 1.5970 2.8800 120.8708
1.9860 4.8880 2.4850 4.4340 1.4750 4.5150 2.6190 3.9420 1.3370 3.9900 2.3600 3.4230 1.3910 3.4490 2.1200 2.8560 1.5970 2.8800 120.9723
1.9860 4.8880 2.4850 4.4340 1.4750 4.5150 2.6170 3.9450 1.3370 3.9900 2.3600 3.4220 1.3910 3.4500 2.1230 2.8580 1.5970 2.8810 121.0734
1.9860 4.8880 2.4850 4.4340 1.4750 4.5150 2.6160 3.9480 1.3370 3.9900 2.3590 3.4210 1.3920 3.4500 2.1280 2.8630 1.5970 2.8810 121.1753
1.9860 4.8880 2.4850 4.4340 1.4750 4.5150 2.6130 3.9540 1.3370 3.9900 2.3570 3.4210 1.3930 3.4520 2.1350 2.8680 1.5970 2.8800 121.2769
1.9860 4.8880 2.4850 4.4340 1.4750 4.5150 2.6070 3.9610 1.3370 3.9890 2.3550 3.4220 1.3950 3.4530 2.1440 2.8770 1.5970 2.8800 121.3780
1.9860 4.8880 2.4850 4.4340 1.4750 4.5150 2.6050 3.9630 1.3370 3.9890 2.3550 3.4230 1.3960 3.4530 2.1480 2.8800 1.5970 2.8800 121.4796
1.9860 4.8880 2.4850 4.4340 1.4750 4.5150 2.6010 3.9660 1.3360 3.9880 2.3550 3.4240 1.3980 3.4530 2.1530 2.8850 1.5970 2.8800 121.5807
1.9860 4.8880 2.4850 4.4340 1.4750 4.5150 2.6010 3.9660 1.3360 3.9880 2.3550 3.4240 1.3980 3.4530 2.1530 2.8850 1.5970 2.8800 121.6820
1.9860 4.8880 2.4850 4.4340 1.4750 4.5150 2.5970 3.9680 1.3360 3.9870 2.3550 3.4250 1.3990 3.4520 2.1570 2.8900 1.5980 2.8830 121.7846
1.9860 4.8880 2.4850 4.4340 1.4750 4.5150 2.5970 3.9680 1.3360 3.9870 2.3550 3.4250 1.3990 3.4520 2.1570 2.8900 1.5980 2.8830 121.8859
1.9860 4.8880 2.4850 4.4340 1.4750 4.5150 2.5970 3.9680 1.3360 3.9870 2.3550 3.4250 1.3990 3.4520 2.1570 2.8900 1.5980 2.8830 121.9875
1.9860 4.8880 2.4850 4.4340 1.4750 4.5150 2.5830 3.9710 1.3330 3.9860 2.3560 3.4290 1.4020 3.4470 2.1730 2.9090 1.6070 2.8930 122.0889
1.9860 4.8880 2.4850 4.4340 1.4750 4.5150 2.5830 3.9710 1.3330 3.9860 2.3560 3.4290 1.4020 3.4470 2.1730 2.9090 1.6070 2.8930 122.1900
1.9860 4.8880 2.4850 4.4340 1.4750 4.5150 2.5830 3.9710 1.3330 3.9860 2.3560 3.4290 1.4020 3.4470 2.1730 2.9090 1.6070 2.8930 122.2912
1.9860 4.8880 2.4850 4.4340 1.4750 4.5150 2.5830 3.9710 1.3330 3.9860 2.3560 3.4290 1.4020 3.4470 2.1730 2.9090 1.6070 2.8930 122.3926
1.9860 4.8880 2.4850 4.4340 1.4750 4.5150 2.5830 3.9710 1.3330 3.9860 2.3560 3.4290 1.4020 3.4470 2.1730 2.9090 1.6070 2.8930 122.4937
1.9860 4.8880 2.4850 4.4340 1.4750 4.5150 2.5830 3.9710 1.3330 3.9860 2.3560 3.4290 1.4020 3.4470 2.1730 2.9090 1.6070 2.8930 122.5956
1.9860 4.8880 2.4850 4.4340 1.4750 4.5150 2.5830 3.9710 1.3330 3.9860 2.3560 3.4290 1.4020 3.4470 2.1730 2.9090 1.6070 2.8930 122.6972
1.9860 4.8880 2.4850 4.4340 1.4750 4.5150 2.5830 3.9710 1.3330 3.9860 2.3560 3.4290 1.4020 3.4470 2.1730 2.9090 1.6070 2.8930 122.7984
1.9860 4.8880 2.4850 4.4340 1.4750 4.5150 2.5680 3.9550 1.3250 3.9890 2.3600 3.4060 1.3960 3.4390 2.1830 2.9250 1.6390 2.9180 122.8998
1.9860 4.8880 2.4850 4.4340 1.4750 4.5150 2.5680 3.9550 1.3250 3.9890 2.3600 3.4060 1.3960 3.4390 2.1830 2.9250 1.6390 2.9180 123.0014
1.9860 4.8880 2.4850 4.4340 1.4750 4.5150 2.5680 3.9550 1.3250 3.9890 2.3600 3.4060 1.3960 3.4390 2.1830 2.9250 1.6390 2.9180 123.1026
1.9860 4.8880 2.4850 4.4340 1.4750 4.5150 2.5690 3.9480 1.3250 3.9910 2.3520 3.3930 1.3930 3.4390 2.1840 2.9250 1.6500 2.9260 123.2036
1.9860 4.8880 2.4850 4.4340 1.4750 4.5150 2.5690 3.9480 1.3250 3.9910 2.3520 3.3930 1.3930 3.4390 2.1840 2.9250 1.6500 2.9260 123.3049
1.9860 4.8880 2.4850 4.4340 1.4750 4.5150 2.5710 3.9440 1.3250 3.9920 2.3470 3.3870 1.3920 3.4400 2.1840 2.9260 1.6550 2.9290 123.4067
1.9860 4.8880 2.4850 4.4340 1.4750 4.5150 2.5710 3.9440 1.3250 3.9920 2.3470 3.3870 1.3920 3.4400 2.1840 2.9260 1.6550 2.9290 123.5081
1.9860 4.8880 2.4850 4.4340 1.4750 4.5150 2.5730 3.9420 1.3260 3.9930 2.3440 3.3830 1.3910 3.4400 2.1850 2.9270 1.6580 2.9320 123.6093
1.9860 4.8880 2.4850 4.4340 1.4750 4.5150 2.5990 3.9280 1.3320 3.9940 2.3180 3.3510 1.4000 3.4560 2.1820 2.9440 1.6780 2.9460 123.7108
1.9860 4.8880 2.4850 4.4340 1.4750 4.5150 2.5990 3.9280 1.3320 3.9940 2.3180 3.3510 1.4000 3.4560 2.1820 2.9440 1.6780 2.9460 123.8120
1.9860 4.8880 2.4850 4.4340 1.4750 4.5150 2.5990 3.9280 1.3320 3.9940 2.3180 3.3510 1.4000 3.4560 2.1820 2.9440 1.6780 2.9460 123.9132
1.9860 4.8880 2.4850 4.4340 1.4750 4.5150 2.6070 3.9230 1.3290 3.9920 2.3170 3.3450 1.4070 3.4620 2.1750 2.9530 1.6830 2.9520 124.0143
1.9860 4.8880 2.4850 4.4340 1.4750 4.5150 2.6070 3.9230 1.3290 3.9920 2.3170 3.3450 1.4070 3.4620 2.1750 2.9530 1.6830 2.9520 124.1161
1.9860 4.8880 2.4850 4.4340 1.4750 4.5150 2.6110 3.9210 1.3260 3.9920 2.3160 3.3430 1.4120 3.4650 2.1700 2.9570 1.6850 2.9550 124.2176
1.9860 4.8880 2.4850 4.4340 1.4750 4.5150 2.6120 3.9210 1.3240 3.9910 2.3150 3.3420 1.4160 3.4670 2.1660 2.9600 1.6870 2.9580 124.3189
1.9860 4.8880 2.4850 4.4340 1.4750 4.5150 2.6120 3.9210 1.3240 3.9910 2.3150 3.3420 1.4160 3.4670 2.1660 2.9600 1.6870 2.9580 124.4208
1.9860 4.8880 2.4850 4.4340 1.4750 4.5150 2.6120 3.9210 1.3240 3.9910 2.3150 3.3420 1.4160 3.4670 2.1660 2.9600 1.6870 2.9580 124.5220
1.9860 4.8880 2.4850 4.4340 1.4750 4.5160 2.6130 3.9200 1.3240 3.9880 2.3150 3.3400 1.4220 3.4710 2.1580 2.9660 1.6900 2.9660 124.6236
1.9860 4.8880 2.4850 4.4340 1.4750 4.5160 2.6140 3.9180 1.3240 3.9870 2.3150 3.3390 1.4270 3.4730 2.1540 2.9680 1.6920 2.9710 124.7248
1.9860 4.8880 2.4850 4.4340 1.4750 4.5160 2.6140 3.9180 1.3240 3.9870 2.3150 3.3390 1.4270 3.4730 2.1540 2.9680 1.6920 2.9710 124.8260
1.9860 4.8880 2.4850 4.4340 1.4750 4.5160 2.6160 3.9180 1.3250 3.9850 2.3150 3.3380 1.4330 3.4750 2.1500 2.9720 1.6940 2.9790 124.9276
1.9860 4.8880 2.4850 4.4340 1.4740 4.5160 2.6170 3.9180 1.3260 3.9840 2.3150 3.3370 1.4370 3.4770 2.1530 2.9700 1.6960 2.9830 125.0294
1.9860 4.8880 2.4850 4.4340 1.4740 4.5160 2.6180 3.9180 1.3270 3.9840 2.3150 3.3360 1.4390 3.4770 2.1520 2.9710 1.6960 2.9850 125.1306
1.9860 4.8880 2.4850 4.4340 1.4740 4.5160 2.6200 3.9170 1.3280 3.9830 2.3160 3.3340 1.4450 3.4780 2.1530 2.9720 1.6970 2.9910 125.2322
1.9860 4.8880 2.4850 4.4340 1.4740 4.5160 2.6200 3.9170 1.3280 3.9830 2.3160 3.3340 1.4450 3.4780 2.1530 2.9720 1.6970 2.9910 125.3338
1.9860 4.8880 2.4850 4.4340 1.4740 4.5160 2.6200 3.9170 1.3280 3.9830 2.3160 3.3340 1.4450 3.4780 2.1530 2.9720 1.6970 2.9910 125.4357
1.9860 4.8880 2.4850 4.4340 1.4740 4.5160 2.6200 3.9170 1.3280 3.9830 2.3160 3.3340 1.4450 3.4780 2.1530 2.9720 1.6970 2.9910 125.5370
1.9860 4.8880 2.4850 4.4340 1.4740 4.5160 2.6140 3.9070 1.3230 3.9920 2.3040 3.3590 1.4650 3.4820 2.1480 2.9730 1.6980 3.0180 125.6391
1.9860 4.8880 2.4850 4.4340 1.4740 4.5160 2.6110 3.9070 1.3220 3.9940 2.3010 3.3640 1.4660 3.4810 2.1470 2.9740 1.6980 3.0210 125.7406
1.9860 4.8880 2.4850 4.4340 1.4740 4.5160 2.6050 3.9070 1.3200 3.9980 2.2950 3.3740 1.4680 3.4820 2.1470 2.9740 1.6980 3.0240 125.8419
1.9860 4.8880 2.4850 4.4340 1.4740 4.5160 2.6020 3.9080 1.3200 3.9990 2.2940 3.3770 1.4680 3.4820 2.1460 2.9730 1.6980 3.0260 125.9431
1.9860 4.8880 2.4850 4.4340 1.4740 4.5160 2.6020 3.9080 1.3200 3.9990 2.2940 3.3770 1.4680 3.4820 2.1460 2.9730 1.6980 3.0260 126.0441
1.9860 4.8880 2.4850 4.4340 1.4750 4.5160 2.5890 3.9110 1.3200 4.0060 2.2870 3.3970 1.4720 3.4840 2.1470 2.9690 1.6970 3.0300 126.1452
1.9860 4.8880 2.4850 4.4340 1.4750 4.5160 2.5890 3.9110 1.3200 4.0060 2.2870 3.3970 1.4720 3.4840 2.1470 2.9690 1.6970 3.0300 126.2467
1.9860 4.8880 2.4850 4.4340 1.4750 4.5160 2.5840 3.9140 1.3210 4.0090 2.2860 3.4040 1.4740 3.4860 2.1480 2.9690 1.6970 3.0310 126.3481
1.9860 4.8880 2.4850 4.4340 1.4750 4.5160 2.5810 3.9160 1.3210 4.0100 2.2860 3.4060 1.4740 3.4880 2.1490 2.9690 1.6970 3.0310 126.4495
1.9860 4.8880 2.4850 4.4340 1.4750 4.5160 2.5780 3.9180 1.3220 4.0110 2.2860 3.4080 1.4750 3.4880 2.1500 2.9680 1.6970 3.0320 126.5509
1.9860 4.8880 2.4850 4.4340 1.4750 4.5160 2.5780 3.9180 1.3220 4.0110 2.2860 3.4080 1.4750 3.4880 2.1500 2.9680 1.6970 3.0320 126.6520
1.9860 4.8880 2.4850 4.4340 1.4750 4.5160 2.5740 3.9210 1.3220 4.0130 2.2860 3.4090 1.4750 3.4890 2.1510 2.9670 1.6970 3.0320 126.7541
1.9860 4.8880 2.4850 4.4340 1.4750 4.5160 2.5700 3.9240 1.3240 4.0140 2.2860 3.4110 1.4750 3.4900 2.1510 2.9660 1.6970 3.0320 126.8556
1.9860 4.8880 2.4850 4.4340 1.4750 4.5160 2.5700 3.9240 1.3240 4.0140 2.2860 3.4110 1.4750 3.4900 2.1510 2.9660 1.6970 3.0320 126.9567
1.9860 4.8880 2.4850 4.4340 1.4750 4.5150 2.5630 3.9290 1.3270 4.0160 2.2880 3.4140 1.4750 3.4930 2.1510 2.9650 1.6970 3.0330 127.0579
1.9860 4.8880 2.4850 4.4340 1.4750 4.5150 2.5600 3.9310 1.3290 4.0170 2.2890 3.4160 1.4740 3.4950 2.1520 2.9650 1.6970 3.0330 127.1600
1.9860 4.8880 2.4850 4.4340 1.4750 4.5150 2.5600 3.9310 1.3290 4.0170 2.2890 3.4160 1.4740 3.4950 2.1520 2.9650 1.6970 3.0330 127.2611
1.9860 4.8880 2.4850 4.4340 1.4750 4.5150 2.5570 3.9330 1.3310 4.0170 2.2910 3.4180 1.4740 3.4960 2.1520 2.9650 1.6980 3.0300 127.3624
1.9860 4.8880 2.4850 4.4340 1.4750 4.5150 2.5540 3.9350 1.3330 4.0170 2.2920 3.4200 1.4730 3.4970 2.1530 2.9640 1.6980 3.0300 127.4634
1.9860 4.8880 2.4850 4.4340 1.4750 4.5150 2.5490 3.9370 1.3350 4.0170 2.2950 3.4220 1.4710 3.4990 2.1540 2.9640 1.6980 3.0300 127.5646
1.9860 4.8880 2.4850 4.4340 1.4750 4.5150 2.5460 3.9390 1.3370 4.0170 2.2970 3.4240 1.4700 3.5010 2.1540 2.9640 1.6980 3.0300 127.6658
1.9860 4.8880 2.4850 4.4340 1.4750 4.5150 2.5460 3.9390 1.3370 4.0170 2.2970 3.4240 1.4700 3.5010 2.1540 2.9640 1.6980 3.0300 127.7669
1.9860 4.8880 2.4850 4.4340 1.4750 4.5150 2.5440 3.9400 1.3390 4.0170 2.2990 3.4250 1.4690 3.5020 2.1530 2.9630 1.6980 3.0300 127.8684
1.9860 4.8880 2.4850 4.4340 1.4750 4.5150 2.5410 3.9410 1.3400 4.0160 2.3020 3.4260 1.4680 3.5040 2.1530 2.9620 1.6980 3.0300 127.9694
1.9860 4.8880 2.4850 4.4340 1.4750 4.5150 2.5410 3.9410 1.3400 4.0160 2.3020 3.4260 1.4680 3.5040 2.1530 2.9620 1.6980 3.0300 128.0717
1.9860 4.8880 2.4850 4.4340 1.4750 4.5150 2.5330 3.9440 1.3460 4.0140 2.3110 3.4290 1.4630 3.5080 2.1510 2.9600 1.6980 3.0310 128.1736
1.9860 4.8880 2.4850 4.4340 1.4750 4.5150 2.5270 3.9450 1.3490 4.0130 2.3190 3.4310 1.4600 3.5110 2.1500 2.9600 1.6980 3.0300 128.2750
1.9860 4.8880 2.4850 4.4340 1.4750 4.5150 2.5240 3.9450 1.3500 4.0120 2.3230 3.4320 1.4580 3.5120 2.1490 2.9600 1.6940 3.0280 128.3765
1.9860 4.8880 2.4850 4.4340 1.4750 4.5150 2.5190 3.9460 1.3510 4.0110 2.3270 3.4320 1.4550 3.5150 2.1470 2.9600 1.6940 3.0280 128.4778
1.9860 4.8880 2.4850 4.4340 1.4750 4.5150 2.5150 3.9460 1.3500 4.0110 2.3270 3.4320 1.4510 3.5180 2.1450 2.9610 1.6950 3.0280 128.5789
1.9860 4.8880 2.4850 4.4340 1.4750 4.5150 2.5100 3.9460 1.3550 4.0100 2.3280 3.4320 1.4480 3.5200 2.1440 2.9620 1.6950 3.0290 128.6799
1.9860 4.8890 2.4850 4.4340 1.4750 4.5150 2.5060 3.9460 1.3490 4.0090 2.3280 3.4320 1.4450 3.5220 2.1430 2.9620 1.6960 3.0290 128.7815
1.9860 4.8880 2.4850 4.4340 1.4750 4.5150 2.5040 3.9450 1.3500 4.0080 2.3280 3.4320 1.4440 3.5230 2.1430 2.9630 1.6960 3.0290 128.8825
1.9860 4.8880 2.4850 4.4340 1.4750 4.5160 2.4980 3.9450 1.3510 4.0060 2.3280 3.4330 1.4420 3.5250 2.1430 2.9680 1.6960 3.0290 128.9836
1.9860 4.8880 2.4850 4.4340 1.4750 4.5160 2.4980 3.9450 1.3510 4.0060 2.3280 3.4330 1.4420 3.5250 2.1430 2.9680 1.6960 3.0290 129.0853
1.9860 4.8880 2.4850 4.4340 1.4750 4.5160 2.4910 3.9430 1.3520 4.0040 2.3290 3.4330 1.4400 3.5260 2.1460 2.9730 1.6960 3.0290 129.1866
1.9860 4.8880 2.4850 4.4340 1.4750 4.5160 2.4900 3.9430 1.3530 4.0040 2.3290 3.4330 1.4400 3.5260 2.1470 2.9740 1.6960 3.0290 129.2878
1.9860 4.8880 2.4850 4.4340 1.4750 4.5160 2.4900 3.9430 1.3530 4.0040 2.3290 3.4330 1.4400 3.5260 2.1470 2.9740 1.6960 3.0290 129.3892
1.9860 4.8880 2.4850 4.4340 1.4750 4.5160 2.4870 3.9410 1.3540 4.0050 2.3290 3.4330 1.4370 3.5280 2.1510 2.9790 1.6970 3.0290 129.4910
1.9860 4.8880 2.4850 4.4340 1.4750 4.5160 2.4870 3.9400 1.3540 4.0050 2.3290 3.4330 1.4360 3.5280 2.1520 2.9810 1.6970 3.0290 129.5927
1.9860 4.8880 2.4850 4.4340 1.4750 4.5160 2.4870 3.9390 1.3540 4.0060 2.3290 3.4330 1.4350 3.5300 2.1560 2.9850 1.6960 3.0290 129.6939
1.9860 4.8880 2.4850 4.4340 1.4750 4.5160 2.4860 3.9380 1.3540 4.0070 2.3290 3.4330 1.4350 3.5310 2.1580 2.9870 1.6950 3.0290 129.8036
1.9860 4.8880 2.4850 4.4340 1.4740 4.5160 2.4860 3.9390 1.3530 4.0090 2.3290 3.4330 1.4350 3.5330 2.1620 2.9920 1.6940 3.0290 129.9051
1.9860 4.8880 2.4850 4.4340 1.4750 4.5160 2.4860 3.9390 1.3530 4.0100 2.3290 3.4330 1.4350 3.5340 2.1630 2.9940 1.6930 3.0280 130.0075
1.9860 4.8880 2.4850 4.4340 1.4750 4.5160 2.4860 3.9390 1.3530 4.0100 2.3290 3.4330 1.4350 3.5340 2.1630 2.9940 1.6930 3.0280 130.1086
1.9860 4.8880 2.4850 4.4340 1.4750 4.5160 2.4860 3.9390 1.3530 4.0100 2.3290 3.4330 1.4350 3.5340 2.1630 2.9940 1.6930 3.0280 130.2098
1.9860 4.8880 2.4850 4.4340 1.4750 4.5160 2.4870 3.9400 1.3520 4.0130 2.3300 3.4330 1.4370 3.5370 2.1710 3.0020 1.6870 3.0270 130.3116
1.9860 4.8880 2.4850 4.4340 1.4750 4.5160 2.4870 3.9400 1.3520 4.0130 2.3300 3.4330 1.4370 3.5370 2.1710 3.0020 1.6870 3.0270 130.4128
1.9860 4.8880 2.4850 4.4340 1.4750 4.5150 2.4870 3.9420 1.3510 4.0160 2.3300 3.4330 1.4390 3.5380 2.1740 3.0050 1.6840 3.0260 130.5142
1.9860 4.8880 2.4850 4.4340 1.4750 4.5150 2.4850 3.9420 1.3510 4.0170 2.3310 3.4330 1.4390 3.5390 2.1750 3.0070 1.6820 3.0260 130.6155
1.9860 4.8880 2.4850 4.4340 1.4750 4.5150 2.4850 3.9400 1.3510 4.0190 2.3330 3.4330 1.4410 3.5390 2.1770 3.0090 1.6800 3.0260 130.7166
1.9860 4.8880 2.4850 4.4340 1.4750 4.5150 2.4850 3.9390 1.3500 4.0200 2.3360 3.4340 1.4420 3.5390 2.1780 3.0090 1.6790 3.0260 130.8180
1.9860 4.8880 2.4850 4.4340 1.4750 4.5150 2.4840 3.9390 1.3500 4.0210 2.3380 3.4350 1.4420 3.5390 2.1790 3.0100 1.6780 3.0260 130.9193
1.9860 4.8880 2.4850 4.4340 1.4750 4.5150 2.4830 3.9380 1.3500 4.0220 2.3400 3.4360 1.4430 3.5390 2.1790 3.0110 1.6770 3.0260 131.0210
1.9860 4.8880 2.4850 4.4340 1.4750 4.5150 2.4820 3.9370 1.3500 4.0240 2.3440 3.4370 1.4420 3.5380 2.1800 3.0110 1.6750 3.0260 131.1228
1.9860 4.8880 2.4850 4.4340 1.4750 4.5150 2.4820 3.9370 1.3500 4.0240 2.3440 3.4370 1.4420 3.5380 2.1800 3.0110 1.6750 3.0260 131.2246
1.9860 4.8880 2.4850 4.4340 1.4750 4.5150 2.4800 3.9370 1.3490 4.0280 2.3510 3.4420 1.4410 3.5360 2.1810 3.0100 1.6740 3.0270 131.3260
1.9860 4.8890 2.4850 4.4340 1.4750 4.5150 2.4790 3.9370 1.3490 4.0290 2.3530 3.4430 1.4410 3.5350 2.1820 3.0100 1.6740 3.0270 131.4271
1.9860 4.8880 2.4850 4.4340 1.4750 4.5150 2.4780 3.9370 1.3490 4.0300 2.3560 3.4440 1.4410 3.5350 2.1820 3.0100 1.6740 3.0270 131.5281
1.9860 4.8880 2.4850 4.4340 1.4750 4.5150 2.4780 3.9370 1.3490 4.0300 2.3560 3.4440 1.4410 3.5350 2.1820 3.0100 1.6740 3.0270 131.6297
1.9860 4.8880 2.4850 4.4340 1.4750 4.5150 2.4780 3.9370 1.3490 4.0300 2.3560 3.4440 1.4410 3.5350 2.1820 3.0100 1.6740 3.0270 131.7311
1.9860 4.8880 2.4850 4.4340 1.4750 4.5160 2.4740 3.9340 1.3480 4.0340 2.3680 3.4530 1.4420 3.5310 2.1840 3.0100 1.6730 3.0290 131.8323
1.9860 4.8880 2.4850 4.4340 1.4750 4.5160 2.4730 3.9350 1.3480 4.0350 2.3710 3.4550 1.4420 3.5300 2.1850 3.0100 1.6730 3.0290 131.9336
1.9860 4.8880 2.4850 4.4340 1.4750 4.5160 2.4730 3.9350 1.3480 4.0350 2.3710 3.4550 1.4420 3.5300 2.1850 3.0100 1.6730 3.0290 132.0355
1.9860 4.8880 2.4850 4.4340 1.4750 4.5160 2.4720 3.9370 1.3480 4.0370 2.3780 3.4600 1.4440 3.5300 2.1870 3.0100 1.6730 3.0300 132.1368
1.9860 4.8880 2.4850 4.4340 1.4750 4.5160 2.4720 3.9380 1.3480 4.0380 2.3800 3.4620 1.4450 3.5300 2.1880 3.0100 1.6730 3.0310 132.2382
1.9860 4.8880 2.4850 4.4340 1.4750 4.5160 2.4720 3.9390 1.3480 4.0380 2.3820 3.4630 1.4450 3.5300 2.1890 3.0120 1.6740 3.0320 132.3399
1.9860 4.8890 2.4850 4.4340 1.4750 4.5160 2.4730 3.9400 1.3480 4.0400 2.3870 3.4660 1.4450 3.5300 2.1880 3.0110 1.6740 3.0330 132.4413
1.9860 4.8890 2.4850 4.4340 1.4750 4.5160 2.4730 3.9400 1.3480 4.0400 2.3870 3.4660 1.4450 3.5300 2.1880 3.0110 1.6740 3.0330 132.5428
1.9860 4.8890 2.4850 4.4340 1.4750 4.5160 2.4730 3.9400 1.3480 4.0400 2.3870 3.4660 1.4450 3.5300 2.1880 3.0110 1.6740 3.0330 132.6440
1.9860 4.8880 2.4850 4.4340 1.4750 4.5160 2.4800 3.9390 1.3490 4.0440 2.3940 3.4710 1.4440 3.5320 2.1870 3.0110 1.6750 3.0360 132.7448
1.9860 4.8880 2.4850 4.4340 1.4750 4.5160 2.4810 3.9380 1.3490 4.0440 2.3950 3.4710 1.4430 3.5320 2.1870 3.0110 1.6750 3.0370 132.8462
1.9860 4.8880 2.4850 4.4340 1.4750 4.5160 2.4850 3.9340 1.3510 4.0460 2.3980 3.4730 1.4420 3.5330 2.1870 3.0100 1.6750 3.0380 132.9474
1.9860 4.8880 2.4850 4.4340 1.4750 4.5160 2.4870 3.9320 1.3510 4.0460 2.3990 3.4740 1.4420 3.5330 2.1860 3.0100 1.6750 3.0390 133.0486
1.9860 4.8880 2.4850 4.4340 1.4750 4.5160 2.4890 3.9280 1.3530 4.0470 2.4020 3.4750 1.4400 3.5330 2.1850 3.0080 1.6760 3.0400 133.1500
1.9860 4.8880 2.4850 4.4340 1.4750 4.5160 2.4910 3.9260 1.3540 4.0470 2.4030 3.4750 1.4400 3.5340 2.1840 3.0070 1.6760 3.0410 133.2513
1.9860 4.8880 2.4850 4.4340 1.4750 4.5160 2.4940 3.9210 1.3550 4.0470 2.4050 3.4760 1.4380 3.5350 2.1820 3.0050 1.6770 3.0430 133.3525
1.9860 4.8880 2.4850 4.4340 1.4750 4.5160 2.4950 3.9180 1.3560 4.0460 2.4060 3.4780 1.4370 3.5350 2.1810 3.0040 1.6770 3.0440 133.4543
1.9860 4.8880 2.4850 4.4340 1.4750 4.5150 2.4960 3.9160 1.3560 4.0460 2.4080 3.4780 1.4360 3.5350 2.1800 3.0030 1.6780 3.0450 133.5559
1.9860 4.8880 2.4850 4.4340 1.4750 4.5150 2.5000 3.9110 1.3570 4.0460 2.4110 3.4790 1.4340 3.5370 2.1790 3.0030 1.6790 3.0470 133.6579
1.9860 4.8880 2.4850 4.4340 1.4750 4.5150 2.5010 3.9090 1.3560 4.0460 2.4120 3.4800 1.4320 3.5370 2.1770 3.0030 1.6790 3.0480 133.7591
1.9860 4.8880 2.4850 4.4340 1.4750 4.5150 2.5040 3.9070 1.3570 4.0460 2.4140 3.4810 1.4300 3.5380 2.1740 3.0020 1.6800 3.0500 133.8601
1.9860 4.8880 2.4850 4.4340 1.4750 4.5150 2.5050 3.9060 1.3580 4.0450 2.4150 3.4820 1.4290 3.5390 2.1730 3.0020 1.6800 3.0510 133.9613
1.9860 4.8880 2.4850 4.4340 1.4750 4.5150 2.5050 3.9050 1.3600 4.0410 2.4170 3.4830 1.4280 3.5400 2.1730 3.0020 1.6800 3.0520 134.0633
1.9860 4.8880 2.4850 4.4340 1.4750 4.5150 2.5060 3.9040 1.3610 4.0390 2.4170 3.4830 1.4270 3.5400 2.1730 3.0010 1.6800 3.0520 134.1652
1.9860 4.8880 2.4850 4.4340 1.4750 4.5150 2.5060 3.9040 1.3610 4.0390 2.4170 3.4830 1.4270 3.5400 2.1730 3.0010 1.6800 3.0520 134.2664
1.9860 4.8880 2.4850 4.4340 1.4750 4.5150 2.5060 3.9020 1.3620 4.0410 2.4200 3.4860 1.4250 3.5430 2.1720 3.0010 1.6810 3.0540 134.3684
1.9860 4.8880 2.4850 4.4340 1.4750 4.5150 2.5070 3.9010 1.3630 4.0410 2.4200 3.4870 1.4230 3.5440 2.1720 3.0020 1.6810 3.0560 134.4696
1.9860 4.8880 2.4850 4.4340 1.4750 4.5150 2.5080 3.9000 1.3630 4.0400 2.4200 3.4880 1.4230 3.5450 2.1710 3.0030 1.6810 3.0560 134.5711
1.9860 4.8880 2.4850 4.4340 1.4750 4.5150 2.5080 3.9000 1.3630 4.0400 2.4210 3.4880 1.4220 3.5460 2.1710 3.0030 1.6810 3.0570 134.6723
1.9860 4.8880 2.4850 4.4340 1.4750 4.5160 2.5120 3.9000 1.3620 4.0370 2.4230 3.4920 1.4190 3.5520 2.1730 3.0070 1.6810 3.0600 134.7734
1.9860 4.8880 2.4850 4.4340 1.4750 4.5160 2.5120 3.9030 1.3620 4.0360 2.4240 3.4920 1.4190 3.5530 2.1740 3.0080 1.6800 3.0600 134.8746
1.9860 4.8890 2.4850 4.4340 1.4750 4.5160 2.5130 3.9040 1.3620 4.0360 2.4240 3.4920 1.4190 3.5540 2.1750 3.0080 1.6800 3.0610 134.9779
1.9860 4.8890 2.4850 4.4340 1.4750 4.5160 2.5130 3.9040 1.3620 4.0360 2.4240 3.4920 1.4190 3.5540 2.1750 3.0080 1.6800 3.0610 135.0790
1.9860 4.8890 2.4850 4.4340 1.4750 4.5160 2.5130 3.9040 1.3620 4.0360 2.4240 3.4920 1.4190 3.5540 2.1750 3.0080 1.6800 3.0610 135.1803
1.9860 4.8880 2.4850 4.4340 1.4750 4.5160 2.5120 3.9090 1.3600 4.0350 2.4270 3.4920 1.4190 3.5590 2.1780 3.0120 1.6790 3.0620 135.2817
1.9860 4.8880 2.4850 4.4340 1.4750 4.5160 2.5120 3.9090 1.3600 4.0350 2.4270 3.4920 1.4190 3.5590 2.1780 3.0120 1.6790 3.0620 135.3829
1.9860 4.8880 2.4850 4.4340 1.4750 4.5160 2.5080 3.9190 1.3580 4.0370 2.4270 3.4890 1.4210 3.5630 2.1840 3.0160 1.6760 3.0640 135.4844
1.9860 4.8880 2.4850 4.4340 1.4750 4.5160 2.5080 3.9210 1.3580 4.0350 2.4260 3.4880 1.4210 3.5630 2.1850 3.0170 1.6750 3.0640 135.5860
1.9860 4.8880 2.4850 4.4340 1.4750 4.5160 2.5070 3.9270 1.3580 4.0340 2.4240 3.4860 1.4220 3.5640 2.1870 3.0190 1.6730 3.0650 135.6876
1.9860 4.8880 2.4850 4.4340 1.4750 4.5160 2.5060 3.9290 1.3580 4.0340 2.4230 3.4860 1.4220 3.5650 2.1880 3.0200 1.6730 3.0650 135.7885
1.9860 4.8890 2.4850 4.4340 1.4750 4.5160 2.5060 3.9310 1.3580 4.0350 2.4230 3.4850 1.4230 3.5650 2.1900 3.0210 1.6720 3.0660 135.8898
1.9860 4.8880 2.4850 4.4340 1.4750 4.5150 2.5060 3.9350 1.3570 4.0360 2.4220 3.4850 1.4240 3.5660 2.1910 3.0230 1.6700 3.0660 135.9909
1.9860 4.8880 2.4850 4.4340 1.4750 4.5150 2.5060 3.9370 1.3570 4.0370 2.4210 3.4850 1.4240 3.5660 2.1920 3.0240 1.6680 3.0670 136.0922
1.9860 4.8880 2.4850 4.4340 1.4750 4.5150 2.5060 3.9390 1.3570 4.0370 2.4210 3.4850 1.4250 3.5670 2.1930 3.0250 1.6670 3.0670 136.1933
1.9860 4.8880 2.4850 4.4340 1.4750 4.5150 2.5060 3.9390 1.3570 4.0370 2.4210 3.4850 1.4250 3.5670 2.1930 3.0250 1.6670 3.0670 136.2945
1.9860 4.8880 2.4850 4.4340 1.4750 4.5150 2.5060 3.9440 1.3570 4.0400 2.4230 3.4840 1.4270 3.5660 2.1950 3.0280 1.6630 3.0680 136.3957
1.9860 4.8880 2.4850 4.4340 1.4750 4.5150 2.5060 3.9440 1.3570 4.0400 2.4230 3.4840 1.4270 3.5660 2.1950 3.0280 1.6630 3.0680 136.4973
1.9860 4.8880 2.4850 4.4340 1.4750 4.5150 2.5060 3.9440 1.3570 4.0400 2.4230 3.4840 1.4270 3.5660 2.1950 3.0280 1.6630 3.0680 136.5987
1.9860 4.8890 2.4850 4.4340 1.4750 4.5150 2.5070 3.9480 1.3570 4.0410 2.4230 3.4820 1.4270 3.5660 2.1960 3.0290 1.6600 3.0700 136.6999
1.9860 4.8880 2.4850 4.4340 1.4750 4.5150 2.5080 3.9500 1.3560 4.0420 2.4230 3.4810 1.4280 3.5650 2.1970 3.0300 1.6590 3.0710 136.8010
1.9860 4.8880 2.4850 4.4340 1.4750 4.5150 2.5090 3.9510 1.3560 4.0420 2.4230 3.4810 1.4270 3.5650 2.1970 3.0310 1.6580 3.0710 136.9021
1.9860 4.8880 2.4850 4.4340 1.4750 4.5160 2.5110 3.9530 1.3560 4.0440 2.4230 3.4800 1.4270 3.5640 2.1970 3.0320 1.6570 3.0720 137.0033
1.9860 4.8880 2.4850 4.4340 1.4750 4.5160 2.5110 3.9530 1.3560 4.0440 2.4230 3.4800 1.4270 3.5640 2.1970 3.0320 1.6570 3.0720 137.1049
1.9860 4.8880 2.4850 4.4340 1.4750 4.5150 2.5130 3.9550 1.3550 4.0460 2.4210 3.4780 1.4270 3.5620 2.1980 3.0340 1.6560 3.0740 137.2062
1.9860 4.8880 2.4850 4.4340 1.4750 4.5160 2.5160 3.9560 1.3550 4.0470 2.4200 3.4780 1.4260 3.5610 2.1970 3.0350 1.6550 3.0750 137.3074
1.9860 4.8880 2.4850 4.4340 1.4750 4.5160 2.5160 3.9560 1.3550 4.0470 2.4200 3.4780 1.4260 3.5610 2.1970 3.0350 1.6550 3.0750 137.4092
1.9860 4.8880 2.4850 4.4340 1.4750 4.5160 2.5180 3.9570 1.3540 4.0490 2.4180 3.4780 1.4260 3.5590 2.1980 3.0350 1.6540 3.0760 137.5109
1.9860 4.8880 2.4850 4.4340 1.4750 4.5160 2.5210 3.9570 1.3540 4.0490 2.4170 3.4780 1.4270 3.5580 2.1980 3.0350 1.6540 3.0770 137.6123
1.9860 4.8890 2.4850 4.4340 1.4750 4.5160 2.5230 3.9570 1.3540 4.0500 2.4160 3.4790 1.4280 3.5570 2.1980 3.0360 1.6540 3.0770 137.7140
1.9860 4.8880 2.4850 4.4340 1.4740 4.5160 2.5240 3.9570 1.3540 4.0500 2.4160 3.4790 1.4280 3.5560 2.1980 3.0360 1.6540 3.0770 137.8152
1.9860 4.8880 2.4850 4.4340 1.4740 4.5160 2.5250 3.9570 1.3540 4.0500 2.4160 3.4800 1.4280 3.5560 2.1980 3.0370 1.6540 3.0770 137.9173
1.9860 4.8880 2.4850 4.4340 1.4740 4.5160 2.5270 3.9560 1.3540 4.0510 2.4160 3.4810 1.4290 3.5540 2.1970 3.0380 1.6540 3.0780 138.0189
1.9860 4.8880 2.4850 4.4340 1.4740 4.5160 2.5290 3.9550 1.3540 4.0510 2.4170 3.4820 1.4300 3.5540 2.1970 3.0380 1.6540 3.0780 138.1203
1.9860 4.8880 2.4850 4.4340 1.4740 4.5160 2.5310 3.9530 1.3550 4.0510 2.4180 3.4840 1.4300 3.5540 2.1970 3.0390 1.6550 3.0780 138.2324
1.9860 4.8880 2.4850 4.4350 1.4740 4.5160 2.5330 3.9520 1.3560 4.0520 2.4190 3.4860 1.4290 3.5550 2.1950 3.0400 1.6550 3.0790 138.3339
1.9860 4.8880 2.4850 4.4350 1.4740 4.5160 2.5330 3.9520 1.3560 4.0520 2.4190 3.4860 1.4290 3.5550 2.1950 3.0400 1.6550 3.0790 138.4351
1.9860 4.8880 2.4850 4.4340 1.4740 4.5160 2.5350 3.9500 1.3580 4.0520 2.4210 3.4880 1.4280 3.5560 2.1920 3.0400 1.6550 3.0790 138.5367
1.9860 4.8880 2.4850 4.4340 1.4740 4.5160 2.5350 3.9490 1.3580 4.0530 2.4220 3.4890 1.4280 3.5570 2.1910 3.0400 1.6550 3.0800 138.6384
1.9860 4.8890 2.4850 4.4340 1.4750 4.5160 2.5360 3.9490 1.3590 4.0540 2.4240 3.4900 1.4270 3.5570 2.1900 3.0390 1.6560 3.0800 138.7396
1.9860 4.8880 2.4850 4.4340 1.4750 4.5160 2.5370 3.9480 1.3590 4.0550 2.4240 3.4910 1.4270 3.5580 2.1880 3.0390 1.6560 3.0810 138.8408
1.9860 4.8880 2.4850 4.4340 1.4750 4.5160 2.5370 3.9480 1.3590 4.0550 2.4250 3.4910 1.4260 3.5590 2.1860 3.0390 1.6560 3.0810 138.9422
1.9860 4.8880 2.4850 4.4340 1.4750 4.5160 2.5370 3.9470 1.3590 4.0560 2.4260 3.4920 1.4260 3.5590 2.1840 3.0380 1.6570 3.0810 139.0443
1.9860 4.8880 2.4850 4.4340 1.4750 4.5160 2.5370 3.9470 1.3590 4.0560 2.4260 3.4920 1.4260 3.5590 2.1840 3.0380 1.6570 3.0810 139.1461
1.9860 4.8880 2.4850 4.4340 1.4750 4.5160 2.5380 3.9460 1.3590 4.0560 2.4270 3.4920 1.4250 3.5600 2.1820 3.0370 1.6570 3.0820 139.2473
1.9860 4.8880 2.4850 4.4340 1.4750 4.5160 2.5380 3.9460 1.3590 4.0570 2.4280 3.4930 1.4250 3.5610 2.1790 3.0370 1.6580 3.0820 139.3487
1.9860 4.8880 2.4850 4.4340 1.4750 4.5160 2.5380 3.9460 1.3590 4.0570 2.4280 3.4930 1.4250 3.5610 2.1790 3.0370 1.6580 3.0820 139.4504
1.9860 4.8890 2.4850 4.4340 1.4750 4.5160 2.5380 3.9440 1.3590 4.0570 2.4300 3.4940 1.4240 3.5630 2.1760 3.0370 1.6590 3.0830 139.5514
1.9860 4.8890 2.4850 4.4340 1.4750 4.5160 2.5380 3.9440 1.3590 4.0570 2.4300 3.4940 1.4240 3.5630 2.1760 3.0370 1.6590 3.0830 139.6529
1.9860 4.8880 2.4850 4.4340 1.4750 4.5160 2.5390 3.9430 1.3580 4.0570 2.4310 3.4940 1.4230 3.5640 2.1740 3.0360 1.6600 3.0840 139.7545
1.9860 4.8880 2.4850 4.4340 1.4750 4.5160 2.5390 3.9430 1.3580 4.0570 2.4320 3.4950 1.4230 3.5650 2.1720 3.0360 1.6600 3.0840 139.8558
1.9860 4.8880 2.4850 4.4340 1.4740 4.5150 2.5400 3.9410 1.3580 4.0560 2.4330 3.4950 1.4220 3.5660 2.1670 3.0360 1.6620 3.0850 139.9572
1.9860 4.8880 2.4850 4.4340 1.4740 4.5150 2.5400 3.9410 1.3580 4.0560 2.4330 3.4950 1.4220 3.5660 2.1670 3.0360 1.6620 3.0850 140.0590
1.9860 4.8880 2.4850 4.4340 1.4750 4.5150 2.5420 3.9410 1.3570 4.0550 2.4340 3.4950 1.4200 3.5690 2.1620 3.0360 1.6640 3.0870 140.1601
1.9860 4.8880 2.4850 4.4340 1.4750 4.5150 2.5420 3.9410 1.3570 4.0550 2.4340 3.4950 1.4200 3.5690 2.1620 3.0360 1.6640 3.0870 140.2616
1.9860 4.8880 2.4850 4.4340 1.4750 4.5150 2.5430 3.9410 1.3560 4.0540 2.4340 3.4950 1.4200 3.5710 2.1600 3.0360 1.6650 3.0880 140.3630
1.9860 4.8880 2.4850 4.4340 1.4750 4.5160 2.5440 3.9400 1.3560 4.0530 2.4340 3.4940 1.4190 3.5720 2.1600 3.0370 1.6650 3.0880 140.4649
1.9860 4.8880 2.4850 4.4340 1.4750 4.5150 2.5450 3.9410 1.3550 4.0530 2.4350 3.4940 1.4190 3.5740 2.1580 3.0370 1.6650 3.0890 140.5662
1.9860 4.8880 2.4850 4.4340 1.4750 4.5150 2.5450 3.9410 1.3550 4.0530 2.4350 3.4940 1.4190 3.5740 2.1580 3.0370 1.6650 3.0890 140.6675
1.9860 4.8880 2.4850 4.4340 1.4750 4.5150 2.5460 3.9430 1.3540 4.0520 2.4340 3.4940 1.4180 3.5760 2.1550 3.0380 1.6660 3.0900 140.7691
1.9860 4.8880 2.4850 4.4340 1.4750 4.5150 2.5460 3.9450 1.3530 4.0510 2.4340 3.4950 1.4170 3.5780 2.1530 3.0400 1.6670 3.0910 140.8709
1.9860 4.8880 2.4850 4.4340 1.4750 4.5150 2.5460 3.9450 1.3530 4.0510 2.4340 3.4950 1.4170 3.5780 2.1530 3.0400 1.6670 3.0910 140.9727
1.9860 4.8880 2.4850 4.4340 1.4750 4.5150 2.5440 3.9480 1.3510 4.0500 2.4330 3.4970 1.4170 3.5810 2.1510 3.0420 1.6680 3.0920 141.0737
1.9860 4.8880 2.4850 4.4340 1.4750 4.5150 2.5440 3.9480 1.3510 4.0500 2.4330 3.4970 1.4170 3.5810 2.1510 3.0420 1.6680 3.0920 141.1750
1.9860 4.8890 2.4850 4.4340 1.4750 4.5150 2.5420 3.9520 1.3480 4.0490 2.4340 3.4990 1.4160 3.5840 2.1500 3.0440 1.6680 3.0940 141.2760
1.9860 4.8880 2.4850 4.4340 1.4750 4.5150 2.5410 3.9530 1.3460 4.0490 2.4350 3.5000 1.4160 3.5860 2.1490 3.0450 1.6680 3.0950 141.3770
1.9860 4.8880 2.4850 4.4340 1.4750 4.5150 2.5400 3.9540 1.3450 4.0500 2.4350 3.5010 1.4160 3.5860 2.1490 3.0460 1.6680 3.0960 141.4785
1.9860 4.8880 2.4850 4.4340 1.4750 4.5160 2.5390 3.9560 1.3450 4.0500 2.4370 3.5010 1.4160 3.5880 2.1490 3.0480 1.6680 3.0970 141.5798
1.9860 4.8890 2.4850 4.4340 1.4750 4.5150 2.5390 3.9570 1.3440 4.0510 2.4380 3.5010 1.4160 3.5890 2.1490 3.0480 1.6680 3.0970 141.6819
1.9860 4.8890 2.4850 4.4340 1.4750 4.5160 2.5380 3.9580 1.3440 4.0520 2.4390 3.5010 1.4160 3.5900 2.1500 3.0500 1.6670 3.0980 141.7839
1.9860 4.8890 2.4850 4.4340 1.4750 4.5160 2.5380 3.9580 1.3440 4.0520 2.4390 3.5010 1.4160 3.5900 2.1500 3.0500 1.6670 3.0980 141.8851
1.9860 4.8880 2.4850 4.4340 1.4750 4.5160 2.5370 3.9600 1.3430 4.0530 2.4390 3.5020 1.4160 3.5910 2.1510 3.0520 1.6660 3.1000 141.9866
1.9860 4.8890 2.4850 4.4340 1.4750 4.5160 2.5370 3.9610 1.3430 4.0540 2.4380 3.5020 1.4170 3.5920 2.1510 3.0530 1.6660 3.1000 142.0882
1.9860 4.8890 2.4850 4.4340 1.4750 4.5160 2.5370 3.9610 1.3430 4.0540 2.4380 3.5020 1.4170 3.5920 2.1510 3.0530 1.6660 3.1000 142.1898
1.9860 4.8890 2.4850 4.4340 1.4750 4.5160 2.5360 3.9620 1.3430 4.0550 2.4360 3.5020 1.4180 3.5930 2.1520 3.0540 1.6640 3.1020 142.2915
1.9860 4.8890 2.4850 4.4340 1.4750 4.5160 2.5360 3.9630 1.3430 4.0550 2.4370 3.5010 1.4190 3.5930 2.1540 3.0560 1.6620 3.1030 142.3931
1.9860 4.8880 2.4850 4.4340 1.4750 4.5160 2.5360 3.9640 1.3430 4.0550 2.4350 3.5040 1.4190 3.5930 2.1550 3.0560 1.6620 3.1030 142.4947
1.9860 4.8890 2.4850 4.4340 1.4750 4.5160 2.5360 3.9650 1.3430 4.0560 2.4370 3.5030 1.4200 3.5930 2.1550 3.0570 1.6610 3.1040 142.5964
1.9860 4.8880 2.4850 4.4340 1.4750 4.5160 2.5360 3.9660 1.3420 4.0560 2.4370 3.5030 1.4200 3.5930 2.1560 3.0570 1.6600 3.1040 142.6981
1.9860 4.8880 2.4850 4.4340 1.4750 4.5160 2.5370 3.9670 1.3420 4.0570 2.4380 3.5030 1.4200 3.5930 2.1570 3.0580 1.6590 3.1050 142.7994
1.9860 4.8880 2.4850 4.4340 1.4740 4.5160 2.5380 3.9690 1.3420 4.0570 2.4400 3.5030 1.4200 3.5920 2.1590 3.0600 1.6570 3.1060 142.9007
