0.0000 0.0006 0.0000 0.0006 0.0000 0.0008 -0.0003 0.0003 0.0125 0.0134 -0.0011 0.0017 0.0012 -0.0000 -0.0060 0.0030 -0.0014 0.0026 80.0740
0.0000 0.0004 0.0000 0.0004 0.0000 0.0006 -0.0003 0.0003 0.0100 0.0132 -0.0010 0.0017 0.0013 -0.0000 -0.0073 -0.0009 -0.0025 0.0027 80.1752
0.0000 0.0001 0.0000 0.0001 0.0000 0.0003 -0.0012 0.0013 0.0093 0.0124 -0.0012 0.0023 0.0015 -0.0001 -0.0086 -0.0056 -0.0028 0.0030 80.2764
0.0000 0.0000 0.0000 0.0000 0.0000 0.0000 -0.0006 0.0007 0.0089 0.0118 -0.0012 0.0023 0.0018 -0.0003 -0.0107 -0.0070 -0.0038 0.0028 80.3781
0.0000 0.0000 0.0000 0.0000 0.0000 0.0000 -0.0015 0.0014 0.0086 0.0114 -0.0010 0.0023 0.0019 -0.0004 -0.0087 -0.0120 -0.0038 0.0028 80.4791
0.0000 0.0000 0.0000 0.0000 0.0000 0.0000 -0.0023 0.0010 0.0083 0.0110 -0.0012 0.0027 0.0021 -0.0004 -0.0088 -0.0147 -0.0041 0.0030 80.5805
0.0000 0.0000 0.0000 0.0000 -0.0000 0.0000 -0.0033 0.0006 0.0077 0.0114 -0.0011 0.0031 0.0012 -0.0019 -0.0088 -0.0147 -0.0067 -0.0043 80.6818
0.0000 0.0000 0.0000 0.0000 0.0000 0.0000 -0.0040 -0.0002 0.0075 0.0115 -0.0010 0.0031 0.0013 -0.0032 -0.0066 -0.0202 -0.0063 -0.0080 80.7829
0.0000 0.0000 0.0000 0.0000 -0.0000 0.0000 -0.0048 -0.0003 0.0079 0.0108 -0.0006 0.0032 0.0009 -0.0044 -0.0062 -0.0203 -0.0063 -0.0080 80.8850
0.0000 0.0000 0.0000 0.0000 -0.0000 0.0000 -0.0051 -0.0003 0.0075 0.0108 -0.0003 0.0033 0.0008 -0.0055 -0.0070 -0.0230 -0.0048 -0.0147 80.9862
0.0000 0.0000 0.0000 0.0000 -0.0000 0.0000 -0.0027 -0.0045 0.0074 0.0106 -0.0000 0.0023 0.0009 -0.0062 -0.0074 -0.0243 -0.0054 -0.0165 81.0876
0.0000 0.0000 0.0000 0.0000 -0.0000 0.0000 -0.0034 -0.0057 0.0074 0.0106 0.0000 0.0023 0.0009 -0.0067 -0.0077 -0.0251 -0.0054 -0.0165 81.1890
0.0000 0.0000 0.0000 0.0000 -0.0000 0.0000 -0.0028 -0.0069 0.0071 0.0102 0.0000 0.0009 0.0011 -0.0081 -0.0079 -0.0258 -0.0068 -0.0209 81.2911
0.0000 0.0000 0.0000 0.0000 0.0000 0.0000 -0.0022 -0.0077 0.0066 0.0106 0.0000 0.0009 -0.0016 -0.0089 -0.0086 -0.0266 0.0009 -0.0243 81.3923
0.0000 0.0000 0.0000 0.0000 0.0000 0.0000 -0.0020 -0.0082 0.0059 0.0095 0.0000 0.0009 -0.0018 -0.0102 -0.0090 -0.0276 0.0009 -0.0243 81.4941
0.0000 0.0000 0.0000 0.0000 0.0000 0.0000 -0.0022 -0.0084 0.0046 0.0080 0.0001 0.0009 -0.0020 -0.0115 -0.0093 -0.0286 0.0009 -0.0263 81.5953
0.0000 0.0000 0.0000 0.0000 0.0000 0.0000 -0.0022 -0.0083 0.0043 0.0074 0.0002 0.0015 -0.0051 -0.0119 -0.0093 -0.0286 0.0009 -0.0263 81.6965
0.0000 0.0000 0.0000 0.0000 -0.0000 0.0000 -0.0022 -0.0082 0.0039 0.0067 0.0006 0.0020 -0.0057 -0.0134 -0.0096 -0.0295 0.0011 -0.0303 81.7979
0.0000 0.0000 0.0000 0.0000 -0.0000 0.0000 -0.0022 -0.0080 0.0039 0.0067 0.0006 0.0020 -0.0112 -0.0108 -0.0096 -0.0295 0.0011 -0.0322 81.8991
0.0000 0.0000 0.0000 0.0000 -0.0000 0.0000 -0.0021 -0.0080 0.0033 0.0065 0.0013 0.0024 -0.0117 -0.0113 -0.0094 -0.0307 0.0006 -0.0338 82.0003
0.0000 0.0000 0.0000 0.0000 -0.0000 0.0000 -0.0021 -0.0079 0.0021 0.0043 0.0012 0.0026 -0.0139 -0.0084 -0.0094 -0.0307 0.0006 -0.0354 82.1015
0.0000 0.0000 0.0000 0.0000 -0.0000 0.0000 -0.0021 -0.0079 0.0017 0.0034 0.0012 0.0027 -0.0139 -0.0083 -0.0096 -0.0313 0.0007 -0.0383 82.2031
0.0000 0.0000 0.0000 0.0000 -0.0000 0.0000 -0.0021 -0.0077 0.0013 0.0027 0.0012 0.0027 -0.0149 -0.0090 -0.0091 -0.0318 0.0007 -0.0396 82.3058
0.0000 0.0000 0.0000 0.0000 -0.0000 0.0000 -0.0020 -0.0074 0.0010 0.0023 0.0006 0.0027 -0.0169 -0.0039 -0.0093 -0.0323 -0.0014 -0.0396 82.4074
0.0000 0.0000 0.0000 0.0000 0.0000 0.0000 -0.0020 -0.0071 0.0015 0.0033 0.0006 0.0030 -0.0161 -0.0031 -0.0088 -0.0329 -0.0014 -0.0411 82.5087
0.0000 0.0000 0.0000 0.0000 0.0000 0.0000 -0.0021 -0.0073 0.0018 0.0043 0.0015 0.0033 -0.0155 -0.0025 -0.0089 -0.0333 -0.0022 -0.0411 82.6100
0.0000 0.0000 0.0000 0.0000 0.0000 0.0000 -0.0021 -0.0074 0.0020 0.0047 0.0029 0.0033 -0.0154 -0.0024 -0.0084 -0.0336 -0.0022 -0.0410 82.7111
0.0000 0.0000 0.0000 0.0000 0.0000 0.0000 -0.0021 -0.0072 0.0020 0.0048 0.0043 0.0032 -0.0152 -0.0058 -0.0079 -0.0343 -0.0029 -0.0410 82.8124
0.0000 0.0000 0.0000 0.0000 0.0000 0.0000 -0.0020 -0.0065 0.0016 0.0049 0.0044 0.0033 -0.0152 -0.0058 -0.0080 -0.0347 -0.0029 -0.0410 82.9140
0.0000 0.0000 0.0000 0.0000 0.0000 0.0000 -0.0018 -0.0056 0.0017 0.0059 0.0054 0.0011 -0.0156 -0.0076 -0.0068 -0.0351 -0.0028 -0.0407 83.0150
0.0000 0.0000 0.0000 0.0000 0.0000 0.0000 -0.0017 -0.0053 0.0018 0.0073 0.0064 -0.0038 -0.0173 -0.0088 -0.0068 -0.0351 -0.0028 -0.0394 83.1163
0.0000 0.0000 0.0000 0.0000 0.0000 0.0000 -0.0019 -0.0058 0.0020 0.0080 0.0075 -0.0089 -0.0173 -0.0088 -0.0061 -0.0348 -0.0028 -0.0394 83.2175
0.0000 0.0000 0.0000 0.0000 0.0000 0.0000 -0.0023 -0.0067 0.0021 0.0085 0.0100 -0.0119 -0.0183 -0.0093 -0.0060 -0.0343 -0.0026 -0.0375 83.3190
0.0000 0.0000 0.0000 0.0000 0.0000 0.0000 -0.0024 -0.0078 0.0021 0.0085 0.0085 -0.0130 -0.0188 -0.0096 -0.0060 -0.0343 -0.0026 -0.0375 83.4205
0.0000 0.0000 0.0000 0.0000 0.0000 0.0000 -0.0029 -0.0090 0.0009 0.0089 0.0082 -0.0167 -0.0188 -0.0096 -0.0060 -0.0340 -0.0026 -0.0369 83.5223
0.0000 0.0000 0.0000 0.0000 0.0000 0.0000 -0.0033 -0.0102 0.0007 0.0134 0.0079 -0.0196 -0.0115 -0.0259 -0.0055 -0.0345 -0.0026 -0.0369 83.6241
0.0000 0.0000 0.0000 0.0000 0.0000 0.0000 -0.0038 -0.0117 -0.0011 0.0164 0.0076 -0.0220 -0.0135 -0.0303 -0.0050 -0.0358 -0.0049 -0.0348 83.7253
0.0000 0.0000 0.0000 0.0000 0.0000 0.0000 -0.0040 -0.0130 -0.0013 0.0187 0.0080 -0.0234 -0.0120 -0.0348 -0.0050 -0.0358 -0.0049 -0.0347 83.8266
0.0000 0.0000 0.0000 0.0000 0.0000 0.0000 -0.0043 -0.0142 -0.0038 0.0194 0.0078 -0.0257 -0.0094 -0.0377 -0.0052 -0.0370 -0.0067 -0.0345 83.9277
0.0000 0.0000 0.0000 0.0000 0.0000 0.0000 -0.0039 -0.0155 -0.0040 0.0204 0.0082 -0.0267 -0.0063 -0.0396 -0.0053 -0.0380 -0.0073 -0.0342 84.0303
0.0000 0.0000 0.0000 0.0000 0.0000 0.0000 -0.0041 -0.0164 -0.0095 0.0195 0.0086 -0.0266 -0.0036 -0.0409 -0.0048 -0.0388 -0.0078 -0.0339 84.1320
0.0000 0.0000 0.0000 0.0000 0.0000 0.0000 -0.0036 -0.0171 -0.0103 0.0171 0.0094 -0.0290 -0.0036 -0.0409 -0.0042 -0.0396 -0.0095 -0.0353 84.2330
0.0000 0.0000 0.0000 0.0000 0.0000 0.0000 -0.0038 -0.0180 -0.0101 0.0125 0.0087 -0.0304 -0.0034 -0.0387 -0.0035 -0.0405 -0.0095 -0.0353 84.3341
0.0000 0.0000 0.0000 0.0000 0.0000 0.0000 -0.0037 -0.0189 -0.0101 0.0125 0.0090 -0.0315 -0.0033 -0.0376 -0.0036 -0.0412 -0.0105 -0.0392 84.4356
0.0000 0.0000 0.0000 0.0000 -0.0000 0.0000 -0.0035 -0.0197 -0.0101 0.0125 0.0087 -0.0326 -0.0019 -0.0369 -0.0029 -0.0419 -0.0137 -0.0398 84.5371
0.0000 0.0000 0.0000 0.0000 -0.0000 0.0000 -0.0032 -0.0204 -0.0083 0.0077 0.0090 -0.0335 -0.0018 -0.0347 -0.0030 -0.0425 -0.0150 -0.0411 84.6383
0.0000 0.0000 0.0000 0.0000 -0.0000 0.0000 -0.0033 -0.0211 -0.0083 0.0077 0.0080 -0.0347 -0.0017 -0.0332 -0.0030 -0.0425 -0.0157 -0.0432 84.7395
0.0000 0.0000 0.0000 0.0000 -0.0000 0.0000 -0.0034 -0.0215 -0.0063 0.0059 0.0076 -0.0359 -0.0017 -0.0327 -0.0023 -0.0441 -0.0187 -0.0441 84.8410
0.0000 0.0000 0.0000 0.0000 -0.0000 0.0000 -0.0027 -0.0221 -0.0033 0.0024 0.0076 -0.0359 -0.0017 -0.0327 -0.0015 -0.0441 -0.0194 -0.0457 84.9453
0.0000 0.0000 0.0000 0.0000 -0.0000 0.0000 -0.0027 -0.0224 -0.0028 0.0019 0.0080 -0.0378 -0.0017 -0.0327 -0.0016 -0.0464 -0.0209 -0.0470 85.0468
0.0000 0.0000 0.0000 0.0000 -0.0000 0.0000 -0.0020 -0.0229 -0.0026 0.0015 0.0076 -0.0389 -0.0017 -0.0327 -0.0017 -0.0474 -0.0221 -0.0474 85.1484
0.0000 0.0000 0.0000 0.0000 -0.0000 0.0000 -0.0021 -0.0234 -0.0022 0.0012 0.0063 -0.0399 -0.0018 -0.0335 -0.0008 -0.0483 -0.0224 -0.0481 85.2496
0.0000 0.0000 0.0000 0.0000 -0.0000 0.0000 -0.0021 -0.0239 -0.0022 0.0006 0.0065 -0.0408 -0.0030 -0.0346 -0.0008 -0.0483 -0.0226 -0.0484 85.3511
0.0000 0.0000 0.0000 0.0000 -0.0000 0.0000 -0.0021 -0.0243 -0.0035 0.0009 0.0066 -0.0417 -0.0031 -0.0353 -0.0000 -0.0504 -0.0226 -0.0484 85.4525
0.0000 0.0000 0.0000 0.0000 -0.0000 0.0000 -0.0009 -0.0248 -0.0038 0.0009 0.0066 -0.0417 -0.0032 -0.0362 -0.0000 -0.0517 -0.0226 -0.0484 85.5541
0.0000 0.0000 0.0000 0.0000 -0.0000 0.0000 -0.0000 -0.0249 -0.0036 -0.0018 0.0039 -0.0442 -0.0045 -0.0368 -0.0000 -0.0528 -0.0220 -0.0494 85.6557
0.0000 0.0000 0.0000 0.0000 -0.0000 0.0000 -0.0000 -0.0254 -0.0030 -0.0026 0.0039 -0.0442 -0.0052 -0.0367 -0.0000 -0.0541 -0.0221 -0.0496 85.7579
0.0000 0.0000 0.0000 0.0000 -0.0000 0.0000 -0.0000 -0.0258 -0.0054 -0.0047 0.0040 -0.0458 -0.0051 -0.0365 -0.0000 -0.0541 -0.0221 -0.0496 85.8592
0.0000 0.0000 0.0000 0.0000 -0.0000 0.0000 0.0009 -0.0263 -0.0056 -0.0100 0.0033 -0.0468 -0.0064 -0.0363 0.0010 -0.0561 -0.0217 -0.0512 85.9603
0.0000 0.0000 0.0000 0.0000 -0.0000 0.0000 0.0009 -0.0268 -0.0045 -0.0138 0.0025 -0.0478 -0.0077 -0.0361 0.0010 -0.0571 -0.0208 -0.0516 86.0616
0.0000 0.0000 0.0000 0.0000 -0.0000 0.0000 0.0019 -0.0273 -0.0038 -0.0164 0.0026 -0.0487 -0.0082 -0.0355 0.0010 -0.0581 -0.0212 -0.0524 86.1631
0.0000 0.0000 0.0000 0.0000 -0.0000 0.0000 0.0019 -0.0278 -0.0029 -0.0186 0.0009 -0.0494 -0.0089 -0.0356 0.0010 -0.0590 -0.0212 -0.0524 86.2643
0.0000 0.0000 0.0000 0.0000 0.0000 0.0000 0.0025 -0.0281 -0.0018 -0.0203 0.0009 -0.0501 -0.0095 -0.0354 0.0010 -0.0598 -0.0211 -0.0550 86.3654
0.0000 0.0000 0.0000 0.0000 0.0000 0.0000 0.0035 -0.0283 -0.0019 -0.0213 -0.0000 -0.0509 -0.0096 -0.0360 0.0011 -0.0606 -0.0211 -0.0550 86.4666
0.0000 0.0000 0.0000 0.0000 0.0000 0.0000 0.0035 -0.0286 -0.0019 -0.0220 -0.0009 -0.0516 -0.0100 -0.0374 0.0011 -0.0615 -0.0213 -0.0556 86.5678
0.0000 0.0000 0.0000 0.0000 0.0000 0.0000 0.0036 -0.0289 0.0036 -0.0230 -0.0018 -0.0522 -0.0137 -0.0378 0.0011 -0.0623 -0.0216 -0.0562 86.6688
0.0000 0.0000 0.0000 0.0000 0.0000 0.0000 0.0041 -0.0291 0.0036 -0.0230 -0.0028 -0.0527 -0.0139 -0.0382 0.0011 -0.0634 -0.0191 -0.0587 86.7699
0.0000 0.0000 0.0000 0.0000 0.0000 0.0000 0.0041 -0.0293 0.0034 -0.0238 -0.0028 -0.0531 -0.0157 -0.0389 0.0011 -0.0643 -0.0193 -0.0593 86.8715
0.0000 0.0000 0.0000 0.0000 0.0000 0.0000 0.0047 -0.0294 0.0034 -0.0243 -0.0028 -0.0535 -0.0176 -0.0395 0.0011 -0.0652 -0.0172 -0.0599 86.9727
0.0000 0.0000 0.0000 0.0000 0.0000 0.0000 0.0047 -0.0296 0.0039 -0.0246 -0.0038 -0.0538 -0.0180 -0.0404 -0.0000 -0.0660 -0.0174 -0.0606 87.0741
0.0000 0.0000 0.0000 0.0000 0.0000 0.0000 0.0052 -0.0295 0.0039 -0.0247 -0.0038 -0.0540 -0.0184 -0.0413 -0.0000 -0.0669 -0.0178 -0.0620 87.1753
0.0000 0.0000 0.0000 0.0000 0.0000 0.0000 0.0052 -0.0295 0.0040 -0.0252 -0.0038 -0.0540 -0.0184 -0.0413 -0.0000 -0.0677 -0.0178 -0.0620 87.2765
0.0000 0.0000 0.0000 0.0000 0.0000 0.0000 0.0052 -0.0293 0.0036 -0.0257 -0.0048 -0.0545 -0.0224 -0.0404 -0.0000 -0.0677 -0.0169 -0.0629 87.3776
0.0000 0.0000 0.0000 0.0000 0.0000 0.0000 0.0051 -0.0291 0.0032 -0.0259 -0.0048 -0.0546 -0.0240 -0.0399 -0.0000 -0.0694 -0.0161 -0.0646 87.4793
0.0000 0.0000 0.0000 0.0000 0.0000 0.0000 0.0051 -0.0290 0.0027 -0.0259 -0.0058 -0.0549 -0.0249 -0.0398 -0.0012 -0.0702 -0.0140 -0.0660 87.5809
0.0000 0.0000 0.0000 0.0000 0.0000 0.0000 0.0051 -0.0290 0.0023 -0.0262 -0.0058 -0.0552 -0.0251 -0.0402 -0.0012 -0.0709 -0.0143 -0.0671 87.6823
0.0000 0.0000 0.0000 0.0000 0.0000 0.0000 0.0046 -0.0290 0.0023 -0.0267 -0.0058 -0.0556 -0.0253 -0.0404 -0.0012 -0.0714 -0.0143 -0.0671 87.7834
0.0000 0.0000 0.0000 0.0000 0.0000 0.0000 0.0046 -0.0290 0.0024 -0.0271 -0.0059 -0.0559 -0.0269 -0.0398 -0.0025 -0.0719 -0.0145 -0.0681 87.8854
0.0000 0.0000 0.0000 0.0000 0.0000 0.0000 0.0041 -0.0292 -0.0000 -0.0276 -0.0059 -0.0561 -0.0279 -0.0399 -0.0025 -0.0725 -0.0123 -0.0697 87.9866
0.0000 0.0000 0.0000 0.0000 0.0000 0.0000 0.0041 -0.0295 -0.0000 -0.0276 -0.0059 -0.0562 -0.0282 -0.0402 -0.0026 -0.0732 -0.0124 -0.0703 88.0878
0.0000 0.0000 0.0000 0.0000 0.0000 0.0000 0.0042 -0.0297 -0.0000 -0.0278 -0.0059 -0.0562 -0.0263 -0.0420 -0.0026 -0.0739 -0.0112 -0.0708 88.1893
0.0000 0.0000 0.0000 0.0000 -0.0000 0.0000 0.0037 -0.0299 -0.0020 -0.0280 -0.0059 -0.0563 -0.0268 -0.0428 -0.0026 -0.0739 -0.0112 -0.0708 88.2912
0.0000 0.0000 0.0000 0.0000 -0.0000 0.0000 0.0037 -0.0300 -0.0020 -0.0280 -0.0059 -0.0563 -0.0273 -0.0436 -0.0039 -0.0744 -0.0100 -0.0712 88.3925
0.0000 0.0000 0.0000 0.0000 -0.0000 0.0000 0.0032 -0.0302 -0.0030 -0.0284 -0.0049 -0.0563 -0.0278 -0.0445 -0.0039 -0.0751 -0.0100 -0.0714 88.4939
0.0000 0.0000 0.0000 0.0000 -0.0000 0.0000 0.0021 -0.0305 -0.0030 -0.0284 -0.0059 -0.0561 -0.0261 -0.0471 -0.0040 -0.0758 -0.0088 -0.0715 88.5949
0.0000 0.0000 0.0000 0.0000 0.0000 0.0000 0.0021 -0.0306 -0.0062 -0.0291 -0.0049 -0.0562 -0.0268 -0.0483 -0.0054 -0.0770 -0.0088 -0.0716 88.6964
0.0000 0.0000 0.0000 0.0000 0.0000 0.0000 0.0016 -0.0306 -0.0063 -0.0295 -0.0049 -0.0561 -0.0273 -0.0493 -0.0054 -0.0770 -0.0088 -0.0716 88.7973
0.0000 0.0000 0.0000 0.0000 -0.0000 0.0000 0.0011 -0.0308 -0.0064 -0.0300 -0.0049 -0.0561 -0.0277 -0.0500 -0.0068 -0.0774 -0.0088 -0.0720 88.8991
0.0000 0.0000 0.0000 0.0000 -0.0000 0.0000 0.0011 -0.0309 -0.0064 -0.0302 -0.0049 -0.0560 -0.0277 -0.0500 -0.0068 -0.0778 -0.0088 -0.0720 89.0008
0.0000 0.0000 0.0000 0.0000 0.0000 0.0000 0.0005 -0.0309 -0.0065 -0.0306 -0.0049 -0.0562 -0.0280 -0.0504 -0.0068 -0.0781 -0.0089 -0.0724 89.1066
0.0000 0.0000 0.0000 0.0000 0.0000 0.0000 -0.0000 -0.0310 -0.0065 -0.0306 -0.0049 -0.0562 -0.0280 -0.0504 -0.0068 -0.0781 -0.0089 -0.0729 89.2078
0.0000 0.0000 0.0000 0.0000 0.0000 0.0000 -0.0000 -0.0312 -0.0131 -0.0295 -0.0049 -0.0564 -0.0232 -0.0547 -0.0069 -0.0783 -0.0090 -0.0730 89.3103
0.0000 0.0000 0.0000 0.0000 0.0000 0.0000 -0.0005 -0.0314 -0.0146 -0.0299 -0.0040 -0.0566 -0.0222 -0.0551 -0.0082 -0.0784 -0.0077 -0.0731 89.4116
0.0000 0.0000 0.0000 0.0000 0.0000 0.0000 -0.0006 -0.0315 -0.0146 -0.0299 -0.0040 -0.0568 -0.0227 -0.0562 -0.0082 -0.0785 -0.0078 -0.0742 89.5130
0.0000 0.0000 0.0000 0.0000 0.0000 0.0000 -0.0011 -0.0317 -0.0153 -0.0314 -0.0040 -0.0570 -0.0232 -0.0574 -0.0083 -0.0786 -0.0078 -0.0742 89.6150
0.0000 0.0000 0.0000 0.0000 0.0000 0.0000 -0.0017 -0.0318 -0.0156 -0.0320 -0.0040 -0.0571 -0.0232 -0.0574 -0.0083 -0.0787 -0.0078 -0.0747 89.7165
0.0000 0.0000 0.0000 0.0000 0.0000 0.0000 -0.0022 -0.0318 -0.0156 -0.0320 -0.0030 -0.0574 -0.0239 -0.0591 -0.0096 -0.0785 -0.0080 -0.0765 89.8183
0.0000 0.0000 0.0000 0.0000 0.0000 0.0000 -0.0028 -0.0317 -0.0160 -0.0328 -0.0030 -0.0575 -0.0242 -0.0598 -0.0083 -0.0788 -0.0080 -0.0765 89.9198
0.0000 0.0000 0.0000 0.0000 0.0000 0.0000 -0.0033 -0.0317 -0.0162 -0.0331 -0.0030 -0.0576 -0.0244 -0.0603 -0.0097 -0.0787 -0.0083 -0.0787 90.0209
0.0000 0.0000 0.0000 0.0000 0.0000 0.0000 -0.0039 -0.0318 -0.0163 -0.0334 -0.0030 -0.0576 -0.0246 -0.0609 -0.0097 -0.0788 -0.0083 -0.0787 90.1223
0.0000 0.0000 0.0000 0.0000 0.0000 0.0000 -0.0045 -0.0318 -0.0350 -0.0094 -0.0030 -0.0577 -0.0126 -0.0651 -0.0110 -0.0786 -0.0097 -0.0794 90.2235
0.0000 0.0000 0.0000 0.0000 0.0000 0.0000 -0.0050 -0.0317 -0.0356 -0.0069 -0.0020 -0.0578 -0.0116 -0.0658 -0.0097 -0.0788 -0.0100 -0.0811 90.3251
0.0000 0.0000 0.0000 0.0000 0.0000 0.0000 -0.0050 -0.0317 -0.0334 -0.0023 -0.0020 -0.0580 -0.0105 -0.0664 -0.0111 -0.0787 -0.0100 -0.0811 90.4266
0.0000 0.0000 0.0000 0.0000 0.0000 0.0000 -0.0050 -0.0317 -0.0334 -0.0023 -0.0020 -0.0580 -0.0106 -0.0667 -0.0111 -0.0788 -0.0101 -0.0820 90.5279
0.0000 0.0000 0.0000 0.0000 -0.0000 0.0000 -0.0061 -0.0313 -0.0324 -0.0023 -0.0020 -0.0580 -0.0106 -0.0668 -0.0111 -0.0788 -0.0102 -0.0828 90.6295
0.0000 0.0000 0.0000 0.0000 -0.0000 0.0000 -0.0056 -0.0316 -0.0317 0.0039 -0.0020 -0.0580 -0.0082 -0.0670 -0.0111 -0.0791 -0.0103 -0.0837 90.7309
0.0000 0.0000 0.0000 0.0000 -0.0000 0.0000 -0.0061 -0.0313 -0.0281 0.0060 -0.0020 -0.0579 -0.0071 -0.0672 -0.0125 -0.0791 -0.0103 -0.0837 90.8328
0.0000 0.0000 0.0000 0.0000 -0.0000 0.0000 -0.0066 -0.0312 -0.0281 0.0060 -0.0020 -0.0579 -0.0070 -0.0670 -0.0125 -0.0791 -0.0103 -0.0837 90.9361
0.0000 0.0000 0.0000 0.0000 -0.0000 0.0000 -0.0066 -0.0311 -0.0244 0.0052 -0.0020 -0.0579 -0.0066 -0.0628 -0.0126 -0.0795 -0.0105 -0.0856 91.0375
0.0000 0.0000 0.0000 0.0000 -0.0000 0.0000 -0.0071 -0.0307 -0.0225 0.0048 -0.0010 -0.0579 -0.0063 -0.0595 -0.0126 -0.0798 -0.0105 -0.0856 91.1395
0.0000 0.0000 0.0000 0.0000 -0.0000 0.0000 -0.0071 -0.0306 -0.0225 0.0048 -0.0010 -0.0577 -0.0063 -0.0595 -0.0127 -0.0802 -0.0106 -0.0864 91.2407
0.0000 0.0000 0.0000 0.0000 -0.0000 0.0000 -0.0070 -0.0304 -0.0214 0.0046 -0.0020 -0.0577 -0.0060 -0.0571 -0.0128 -0.0806 -0.0107 -0.0873 91.3423
0.0000 0.0000 0.0000 0.0000 -0.0000 0.0000 -0.0075 -0.0302 -0.0213 -0.0019 -0.0020 -0.0575 -0.0039 -0.0555 -0.0128 -0.0806 -0.0123 -0.0878 91.4435
0.0000 0.0000 0.0000 0.0000 -0.0000 0.0000 -0.0075 -0.0300 -0.0237 -0.0021 -0.0020 -0.0573 -0.0039 -0.0555 -0.0128 -0.0811 -0.0123 -0.0878 91.5449
0.0000 0.0000 0.0000 0.0000 -0.0000 0.0000 -0.0074 -0.0298 -0.0224 -0.0109 -0.0020 -0.0571 -0.0033 -0.0478 -0.0129 -0.0815 -0.0125 -0.0888 91.6462
0.0000 0.0000 0.0000 0.0000 -0.0000 0.0000 -0.0079 -0.0296 -0.0234 -0.0170 -0.0020 -0.0570 -0.0031 -0.0447 -0.0144 -0.0817 -0.0124 -0.0885 91.7473
0.0000 0.0000 0.0000 0.0000 -0.0000 0.0000 -0.0079 -0.0293 -0.0261 -0.0190 -0.0020 -0.0569 -0.0030 -0.0425 -0.0130 -0.0823 -0.0124 -0.0881 91.8488
0.0000 0.0000 0.0000 0.0000 -0.0000 0.0000 -0.0078 -0.0291 -0.0189 -0.0281 -0.0020 -0.0568 -0.0036 -0.0407 -0.0145 -0.0824 -0.0123 -0.0873 91.9501
0.0000 0.0000 0.0000 0.0000 0.0000 0.0000 -0.0078 -0.0290 -0.0213 -0.0316 -0.0020 -0.0568 -0.0036 -0.0407 -0.0131 -0.0830 -0.0121 -0.0863 92.0513
0.0000 0.0000 0.0000 0.0000 0.0000 0.0000 -0.0077 -0.0288 -0.0225 -0.0334 -0.0020 -0.0568 -0.0036 -0.0409 -0.0147 -0.0831 -0.0121 -0.0863 92.1529
0.0000 0.0000 0.0000 0.0000 0.0000 0.0000 -0.0077 -0.0288 -0.0118 -0.0387 -0.0020 -0.0567 -0.0046 -0.0434 -0.0147 -0.0835 -0.0103 -0.0839 92.2543
0.0000 0.0000 0.0000 0.0000 0.0000 0.0000 -0.0077 -0.0286 -0.0124 -0.0404 -0.0020 -0.0568 -0.0048 -0.0455 -0.0148 -0.0839 -0.0101 -0.0820 92.3555
0.0000 0.0000 0.0000 0.0000 0.0000 0.0000 -0.0076 -0.0285 -0.0126 -0.0412 -0.0020 -0.0569 -0.0050 -0.0472 -0.0148 -0.0841 -0.0101 -0.0820 92.4571
0.0000 0.0000 0.0000 0.0000 0.0000 0.0000 -0.0076 -0.0284 -0.0127 -0.0417 -0.0020 -0.0570 -0.0052 -0.0493 -0.0149 -0.0844 -0.0099 -0.0805 92.5587
0.0000 0.0000 0.0000 0.0000 0.0000 0.0000 -0.0076 -0.0284 -0.0031 -0.0444 -0.0030 -0.0570 -0.0069 -0.0491 -0.0149 -0.0846 -0.0094 -0.0769 92.6601
0.0000 0.0000 0.0000 0.0000 0.0000 0.0000 -0.0076 -0.0284 -0.0031 -0.0449 -0.0030 -0.0571 -0.0075 -0.0536 -0.0150 -0.0848 -0.0094 -0.0769 92.7619
0.0000 0.0000 0.0000 0.0000 0.0000 0.0000 -0.0071 -0.0285 -0.0016 -0.0452 -0.0040 -0.0571 -0.0085 -0.0535 -0.0150 -0.0849 -0.0091 -0.0741 92.8630
0.0000 0.0000 0.0000 0.0000 0.0000 0.0000 -0.0071 -0.0285 -0.0008 -0.0455 -0.0040 -0.0571 -0.0099 -0.0559 -0.0150 -0.0850 -0.0091 -0.0741 92.9642
0.0000 0.0000 0.0000 0.0000 0.0000 0.0000 -0.0071 -0.0286 -0.0008 -0.0455 -0.0040 -0.0572 -0.0101 -0.0575 -0.0135 -0.0852 -0.0090 -0.0730 93.0701
0.0000 0.0000 0.0000 0.0000 0.0000 0.0000 -0.0072 -0.0287 -0.0008 -0.0468 -0.0050 -0.0572 -0.0103 -0.0586 -0.0149 -0.0847 -0.0090 -0.0730 93.1714
0.0000 0.0000 0.0000 0.0000 0.0000 0.0000 -0.0072 -0.0287 0.0008 -0.0468 -0.0050 -0.0574 -0.0115 -0.0593 -0.0149 -0.0847 -0.0090 -0.0730 93.2734
0.0000 0.0000 0.0000 0.0000 0.0000 0.0000 -0.0062 -0.0290 0.0024 -0.0467 -0.0050 -0.0574 -0.0129 -0.0606 -0.0149 -0.0843 -0.0089 -0.0721 93.3751
0.0000 0.0000 0.0000 0.0000 0.0000 0.0000 -0.0062 -0.0290 0.0024 -0.0463 -0.0060 -0.0573 -0.0131 -0.0617 -0.0148 -0.0840 -0.0088 -0.0719 93.4768
0.0000 0.0000 0.0000 0.0000 0.0000 0.0000 -0.0062 -0.0291 0.0024 -0.0458 -0.0060 -0.0575 -0.0142 -0.0615 -0.0133 -0.0837 -0.0088 -0.0718 93.5787
0.0000 0.0000 0.0000 0.0000 0.0000 0.0000 -0.0057 -0.0292 0.0024 -0.0462 -0.0071 -0.0576 -0.0142 -0.0617 -0.0146 -0.0828 -0.0088 -0.0718 93.6803
0.0000 0.0000 0.0000 0.0000 0.0000 0.0000 -0.0057 -0.0296 0.0040 -0.0454 -0.0071 -0.0577 -0.0154 -0.0618 -0.0130 -0.0822 -0.0077 -0.0733 93.7819
0.0000 0.0000 0.0000 0.0000 0.0000 0.0000 -0.0053 -0.0299 0.0040 -0.0453 -0.0081 -0.0577 -0.0154 -0.0618 -0.0129 -0.0815 -0.0078 -0.0747 93.8832
0.0000 0.0000 0.0000 0.0000 0.0000 0.0000 -0.0053 -0.0300 0.0040 -0.0452 -0.0081 -0.0579 -0.0155 -0.0621 -0.0128 -0.0807 -0.0080 -0.0758 93.9846
0.0000 0.0000 0.0000 0.0000 0.0000 0.0000 -0.0043 -0.0304 0.0040 -0.0453 -0.0092 -0.0579 -0.0155 -0.0620 -0.0140 -0.0796 -0.0081 -0.0768 94.0858
0.0000 0.0000 0.0000 0.0000 0.0000 0.0000 -0.0043 -0.0304 0.0040 -0.0454 -0.0092 -0.0580 -0.0144 -0.0623 -0.0125 -0.0791 -0.0082 -0.0777 94.1871
0.0000 0.0000 0.0000 0.0000 0.0000 0.0000 -0.0038 -0.0306 0.0039 -0.0445 -0.0092 -0.0581 -0.0144 -0.0622 -0.0124 -0.0784 -0.0083 -0.0786 94.2884
0.0000 0.0000 0.0000 0.0000 0.0000 0.0000 -0.0032 -0.0307 0.0038 -0.0438 -0.0112 -0.0577 -0.0155 -0.0620 -0.0123 -0.0779 -0.0083 -0.0794 94.3902
0.0000 0.0000 0.0000 0.0000 0.0000 0.0000 -0.0032 -0.0306 0.0037 -0.0426 -0.0122 -0.0576 -0.0155 -0.0623 -0.0121 -0.0764 -0.0084 -0.0801 94.4914
0.0000 0.0000 0.0000 0.0000 -0.0000 0.0000 -0.0027 -0.0307 0.0037 -0.0423 -0.0122 -0.0576 -0.0156 -0.0625 -0.0120 -0.0757 -0.0085 -0.0806 94.5926
0.0000 0.0000 0.0000 0.0000 -0.0000 0.0000 -0.0022 -0.0308 0.0029 -0.0414 -0.0122 -0.0575 -0.0134 -0.0631 -0.0119 -0.0752 -0.0085 -0.0812 94.6941
0.0000 0.0000 0.0000 0.0000 -0.0000 0.0000 -0.0021 -0.0305 0.0029 -0.0408 -0.0141 -0.0566 -0.0136 -0.0640 -0.0105 -0.0749 -0.0085 -0.0812 94.7954
0.0000 0.0000 0.0000 0.0000 -0.0000 0.0000 -0.0021 -0.0303 0.0028 -0.0405 -0.0140 -0.0563 -0.0137 -0.0645 -0.0105 -0.0746 -0.0086 -0.0815 94.8970
0.0000 0.0000 0.0000 0.0000 -0.0000 0.0000 -0.0016 -0.0301 0.0028 -0.0402 -0.0159 -0.0555 -0.0138 -0.0649 -0.0105 -0.0745 -0.0086 -0.0816 94.9985
0.0000 0.0000 0.0000 0.0000 -0.0000 0.0000 -0.0016 -0.0297 0.0028 -0.0402 -0.0178 -0.0548 -0.0139 -0.0652 -0.0104 -0.0741 -0.0086 -0.0816 95.0998
0.0000 0.0000 0.0000 0.0000 -0.0000 0.0000 -0.0015 -0.0292 0.0028 -0.0400 -0.0177 -0.0545 -0.0139 -0.0653 -0.0104 -0.0740 -0.0086 -0.0815 95.2010
0.0000 0.0000 0.0000 0.0000 -0.0000 0.0000 -0.0010 -0.0288 0.0028 -0.0400 -0.0212 -0.0616 -0.0139 -0.0653 -0.0088 -0.0628 -0.0086 -0.0814 95.3020
0.0000 0.0000 0.0000 0.0000 -0.0000 0.0000 -0.0010 -0.0298 0.0028 -0.0401 -0.0241 -0.0662 -0.0139 -0.0653 -0.0076 -0.0539 -0.0085 -0.0813 95.4031
0.0000 0.0000 0.0000 0.0000 -0.0000 0.0000 -0.0011 -0.0314 0.0028 -0.0401 -0.0253 -0.0696 -0.0139 -0.0653 -0.0066 -0.0472 -0.0085 -0.0813 95.5042
0.0000 0.0000 0.0000 0.0000 -0.0000 0.0000 -0.0011 -0.0326 0.0028 -0.0404 -0.0286 -0.0707 -0.0139 -0.0652 -0.0051 -0.0418 -0.0086 -0.0814 95.6053
0.0000 0.0000 0.0000 0.0000 -0.0000 0.0000 -0.0012 -0.0337 0.0028 -0.0406 -0.0291 -0.0720 -0.0138 -0.0651 -0.0046 -0.0374 -0.0086 -0.0815 95.7066
0.0000 0.0000 0.0000 0.0000 -0.0000 0.0000 -0.0012 -0.0347 0.0029 -0.0408 -0.0306 -0.0721 -0.0138 -0.0651 -0.0041 -0.0338 -0.0086 -0.0816 95.8079
0.0000 0.0000 0.0000 0.0000 -0.0000 0.0000 -0.0012 -0.0354 -0.0057 -0.0407 -0.0309 -0.0727 -0.0026 -0.0746 -0.0038 -0.0309 -0.0107 -0.0758 95.9095
0.0000 0.0000 0.0000 0.0000 -0.0000 0.0000 -0.0013 -0.0360 -0.0056 -0.0396 -0.0322 -0.0723 -0.0028 -0.0804 -0.0035 -0.0283 -0.0110 -0.0693 96.0112
0.0000 0.0000 0.0000 0.0000 -0.0000 0.0000 -0.0032 -0.0362 -0.0055 -0.0388 -0.0322 -0.0724 -0.0029 -0.0844 -0.0032 -0.0262 -0.0101 -0.0636 96.1132
0.0000 0.0000 0.0000 0.0000 -0.0000 0.0000 -0.0033 -0.0372 -0.0074 -0.0380 -0.0335 -0.0717 -0.0029 -0.0844 -0.0031 -0.0294 -0.0093 -0.0585 96.2143
0.0000 0.0000 0.0000 0.0000 -0.0000 0.0000 -0.0040 -0.0377 -0.0079 -0.0371 -0.0327 -0.0702 0.0016 -0.0890 -0.0034 -0.0328 -0.0085 -0.0536 96.3157
0.0000 0.0000 0.0000 0.0000 -0.0000 0.0000 -0.0040 -0.0382 -0.0084 -0.0364 -0.0321 -0.0689 0.0031 -0.0900 -0.0039 -0.0371 -0.0078 -0.0493 96.4170
0.0000 0.0000 0.0000 0.0000 -0.0000 0.0000 -0.0060 -0.0380 -0.0098 -0.0365 -0.0304 -0.0652 0.0047 -0.0895 -0.0043 -0.0405 -0.0072 -0.0457 96.5184
0.0000 0.0000 0.0000 0.0000 0.0000 0.0000 -0.0060 -0.0380 -0.0098 -0.0365 -0.0273 -0.0586 0.0046 -0.0871 -0.0046 -0.0440 -0.0069 -0.0438 96.6195
0.0000 0.0000 0.0000 0.0000 0.0000 0.0000 -0.0071 -0.0365 -0.0111 -0.0387 -0.0260 -0.0558 0.0045 -0.0851 -0.0052 -0.0496 -0.0076 -0.0430 96.7210
0.0000 0.0000 0.0000 0.0000 0.0000 0.0000 -0.0081 -0.0350 -0.0124 -0.0383 -0.0250 -0.0562 0.0058 -0.0829 -0.0052 -0.0496 -0.0067 -0.0425 96.8222
0.0000 0.0000 0.0000 0.0000 0.0000 0.0000 -0.0092 -0.0342 -0.0135 -0.0393 -0.0220 -0.0493 0.0056 -0.0798 -0.0048 -0.0546 -0.0076 -0.0430 96.9235
0.0000 0.0000 0.0000 0.0000 0.0000 0.0000 -0.0093 -0.0326 -0.0138 -0.0401 -0.0199 -0.0468 0.0053 -0.0761 -0.0049 -0.0563 -0.0077 -0.0439 97.0257
0.0000 0.0000 0.0000 0.0000 0.0000 0.0000 -0.0105 -0.0306 -0.0141 -0.0410 -0.0190 -0.0447 0.0051 -0.0736 -0.0049 -0.0563 -0.0079 -0.0448 97.1275
0.0000 0.0000 0.0000 0.0000 0.0000 0.0000 -0.0111 -0.0290 -0.0155 -0.0404 -0.0180 -0.0446 0.0048 -0.0692 -0.0051 -0.0585 -0.0081 -0.0461 97.2287
0.0000 0.0000 0.0000 0.0000 0.0000 0.0000 -0.0123 -0.0277 -0.0155 -0.0404 -0.0169 -0.0441 0.0046 -0.0662 -0.0062 -0.0589 -0.0084 -0.0477 97.3300
0.0000 0.0000 0.0000 0.0000 0.0000 0.0000 -0.0130 -0.0266 -0.0142 -0.0391 -0.0170 -0.0442 0.0045 -0.0643 -0.0062 -0.0594 -0.0078 -0.0491 97.4321
0.0000 0.0000 0.0000 0.0000 0.0000 0.0000 -0.0136 -0.0256 -0.0142 -0.0391 -0.0154 -0.0448 0.0043 -0.0613 -0.0062 -0.0591 -0.0080 -0.0506 97.5334
0.0000 0.0000 0.0000 0.0000 0.0000 0.0000 -0.0155 -0.0239 -0.0133 -0.0385 -0.0147 -0.0453 0.0032 -0.0614 -0.0071 -0.0581 -0.0073 -0.0522 97.6349
0.0000 0.0000 0.0000 0.0000 0.0000 0.0000 -0.0153 -0.0235 -0.0131 -0.0380 -0.0147 -0.0453 0.0031 -0.0588 -0.0071 -0.0581 -0.0056 -0.0536 97.7367
0.0000 0.0000 0.0000 0.0000 0.0000 0.0000 -0.0167 -0.0222 -0.0113 -0.0369 -0.0137 -0.0477 0.0020 -0.0564 -0.0081 -0.0579 -0.0057 -0.0545 97.8382
0.0000 0.0000 0.0000 0.0000 0.0000 0.0000 -0.0166 -0.0220 -0.0110 -0.0361 -0.0140 -0.0487 0.0019 -0.0548 -0.0081 -0.0574 -0.0058 -0.0555 97.9393
0.0000 0.0000 0.0000 0.0000 0.0000 0.0000 -0.0199 -0.0192 -0.0094 -0.0350 -0.0125 -0.0501 0.0009 -0.0532 -0.0091 -0.0572 -0.0039 -0.0565 98.0405
0.0000 0.0000 0.0000 0.0000 0.0000 0.0000 -0.0207 -0.0174 -0.0091 -0.0341 -0.0118 -0.0512 0.0009 -0.0523 -0.0090 -0.0567 -0.0040 -0.0579 98.1419
0.0000 0.0000 0.0000 0.0000 0.0000 0.0000 -0.0203 -0.0170 -0.0087 -0.0326 -0.0102 -0.0524 -0.0000 -0.0517 -0.0108 -0.0558 -0.0030 -0.0575 98.2436
0.0000 0.0000 0.0000 0.0000 0.0000 0.0000 -0.0221 -0.0138 -0.0057 -0.0321 -0.0094 -0.0534 -0.0000 -0.0506 -0.0108 -0.0558 -0.0030 -0.0577 98.3447
0.0000 0.0000 0.0000 0.0000 0.0000 0.0000 -0.0222 -0.0118 -0.0055 -0.0315 -0.0095 -0.0537 -0.0017 -0.0497 -0.0118 -0.0556 -0.0020 -0.0578 98.4461
0.0000 0.0000 0.0000 0.0000 0.0000 0.0000 -0.0224 -0.0090 -0.0055 -0.0310 -0.0067 -0.0542 -0.0017 -0.0493 -0.0129 -0.0560 -0.0020 -0.0578 98.5475
0.0000 0.0000 0.0000 0.0000 0.0000 0.0000 -0.0212 -0.0069 -0.0032 -0.0308 -0.0047 -0.0542 -0.0042 -0.0485 -0.0129 -0.0560 -0.0020 -0.0578 98.6487
0.0000 0.0000 0.0000 0.0000 0.0000 0.0000 -0.0199 -0.0046 -0.0032 -0.0300 -0.0047 -0.0538 -0.0042 -0.0478 -0.0132 -0.0571 -0.0000 -0.0575 98.7498
0.0000 0.0000 0.0000 0.0000 0.0000 0.0000 -0.0181 -0.0038 -0.0031 -0.0294 -0.0047 -0.0538 -0.0041 -0.0471 -0.0132 -0.0571 -0.0000 -0.0570 98.8514
0.0000 0.0000 0.0000 0.0000 0.0000 0.0000 -0.0168 -0.0033 -0.0030 -0.0287 -0.0009 -0.0532 -0.0041 -0.0465 -0.0173 -0.0567 -0.0000 -0.0565 98.9531
0.0000 0.0000 0.0000 0.0000 0.0000 0.0000 -0.0155 -0.0022 -0.0030 -0.0282 -0.0000 -0.0517 -0.0040 -0.0459 -0.0177 -0.0578 -0.0000 -0.0560 99.0547
0.0000 0.0000 0.0000 0.0000 0.0000 0.0000 -0.0141 -0.0020 0.0005 -0.0280 -0.0000 -0.0505 -0.0079 -0.0450 -0.0180 -0.0590 -0.0000 -0.0555 99.1564
0.0000 0.0000 0.0000 0.0000 0.0000 0.0000 -0.0133 -0.0021 0.0005 -0.0274 0.0026 -0.0488 -0.0079 -0.0450 -0.0215 -0.0590 0.0029 -0.0551 99.2580
0.0000 0.0000 0.0000 0.0000 0.0000 0.0000 -0.0122 -0.0030 0.0005 -0.0269 0.0033 -0.0471 -0.0077 -0.0439 -0.0228 -0.0594 0.0029 -0.0547 99.3591
0.0000 0.0000 0.0000 0.0000 -0.0000 0.0000 -0.0123 -0.0031 0.0023 -0.0262 0.0047 -0.0451 -0.0091 -0.0429 -0.0241 -0.0597 0.0038 -0.0542 99.4611
0.0000 0.0000 0.0000 0.0000 -0.0000 0.0000 -0.0120 -0.0030 0.0022 -0.0256 0.0053 -0.0434 -0.0097 -0.0420 -0.0254 -0.0597 0.0038 -0.0537 99.5631
0.0000 0.0000 0.0000 0.0000 -0.0000 0.0000 -0.0116 -0.0029 0.0022 -0.0252 0.0058 -0.0414 -0.0096 -0.0414 -0.0265 -0.0596 0.0037 -0.0534 99.6641
0.0000 0.0000 0.0000 0.0000 -0.0000 0.0000 -0.0087 -0.0073 0.0022 -0.0249 0.0063 -0.0396 -0.0094 -0.0406 -0.0276 -0.0592 0.0037 -0.0533 99.7655
0.0000 0.0000 0.0000 0.0000 -0.0000 0.0000 -0.0101 -0.0112 0.0021 -0.0243 0.0066 -0.0373 -0.0094 -0.0406 -0.0285 -0.0585 0.0037 -0.0529 99.8666
0.0000 0.0000 0.0000 0.0000 -0.0000 0.0000 -0.0093 -0.0148 0.0062 -0.0231 0.0062 -0.0350 -0.0124 -0.0383 -0.0280 -0.0574 0.0037 -0.0525 99.9680
0.0000 0.0000 0.0000 0.0000 -0.0000 0.0000 -0.0104 -0.0167 0.0059 -0.0220 0.0061 -0.0315 -0.0120 -0.0370 -0.0283 -0.0556 0.0045 -0.0515 100.0694
0.0000 0.0000 0.0000 0.0000 -0.0000 0.0000 -0.0061 -0.0198 0.0057 -0.0212 0.0057 -0.0294 -0.0117 -0.0360 -0.0277 -0.0543 0.0044 -0.0507 100.1708
0.0000 0.0000 0.0000 0.0000 -0.0000 0.0000 -0.0051 -0.0222 0.0066 -0.0203 0.0053 -0.0274 -0.0120 -0.0350 -0.0270 -0.0530 0.0044 -0.0498 100.2723
0.0000 0.0000 0.0000 0.0000 -0.0000 0.0000 -0.0030 -0.0242 0.0062 -0.0192 0.0050 -0.0257 -0.0123 -0.0337 -0.0270 -0.0530 0.0042 -0.0479 100.3736
0.0000 0.0000 0.0000 0.0000 -0.0000 0.0000 -0.0018 -0.0260 0.0072 -0.0179 0.0047 -0.0244 -0.0125 -0.0326 -0.0257 -0.0504 0.0041 -0.0471 100.4749
0.0000 0.0000 0.0000 0.0000 -0.0000 0.0000 0.0019 -0.0272 0.0074 -0.0166 0.0041 -0.0231 -0.0120 -0.0313 -0.0248 -0.0487 0.0041 -0.0471 100.5762
0.0000 0.0000 0.0000 0.0000 -0.0000 0.0000 0.0045 -0.0286 0.0068 -0.0153 0.0039 -0.0223 -0.0114 -0.0297 -0.0239 -0.0469 0.0032 -0.0461 100.6775
0.0000 0.0000 0.0000 0.0000 -0.0000 0.0000 0.0095 -0.0291 0.0063 -0.0142 0.0035 -0.0218 -0.0110 -0.0286 -0.0224 -0.0460 0.0031 -0.0436 100.7788
0.0000 0.0000 0.0000 0.0000 -0.0000 0.0000 0.0100 -0.0309 0.0062 -0.0133 0.0030 -0.0215 -0.0100 -0.0275 -0.0208 -0.0446 0.0023 -0.0437 100.8810
0.0000 0.0000 0.0000 0.0000 -0.0000 0.0000 0.0158 -0.0296 0.0058 -0.0124 0.0027 -0.0216 -0.0093 -0.0269 -0.0200 -0.0430 0.0015 -0.0428 100.9822
0.0000 0.0000 0.0000 0.0000 -0.0000 0.0000 0.0214 -0.0273 0.0054 -0.0117 0.0023 -0.0221 -0.0090 -0.0263 -0.0193 -0.0433 0.0015 -0.0421 101.0838
0.0000 0.0000 0.0000 0.0000 0.0000 0.0000 0.0237 -0.0263 0.0051 -0.0109 0.0012 -0.0226 -0.0085 -0.0260 -0.0165 -0.0409 -0.0000 -0.0403 101.1854
0.0000 0.0000 0.0000 0.0000 0.0000 0.0000 0.0264 -0.0237 0.0046 -0.0103 0.0004 -0.0234 -0.0078 -0.0256 -0.0154 -0.0400 -0.0000 -0.0403 101.2870
0.0000 0.0000 0.0000 0.0000 0.0000 0.0000 0.0309 -0.0171 0.0044 -0.0098 0.0004 -0.0238 -0.0075 -0.0246 -0.0136 -0.0394 -0.0000 -0.0382 101.3887
0.0000 0.0000 0.0000 0.0000 0.0000 0.0000 0.0297 -0.0164 0.0040 -0.0090 -0.0022 -0.0254 -0.0071 -0.0231 -0.0125 -0.0386 -0.0027 -0.0381 101.4900
0.0000 0.0000 0.0000 0.0000 0.0000 0.0000 0.0287 -0.0159 0.0040 -0.0090 -0.0038 -0.0269 -0.0040 -0.0226 -0.0116 -0.0380 -0.0039 -0.0371 101.5916
0.0000 0.0000 0.0000 0.0000 0.0000 0.0000 0.0316 -0.0056 0.0028 -0.0096 -0.0057 -0.0291 -0.0036 -0.0227 -0.0108 -0.0377 -0.0044 -0.0359 101.6938
0.0000 0.0000 0.0000 0.0000 0.0000 0.0000 0.0285 -0.0015 0.0025 -0.0098 -0.0096 -0.0296 -0.0036 -0.0229 -0.0108 -0.0377 -0.0044 -0.0359 101.7956
0.0000 0.0000 0.0000 0.0000 0.0000 0.0000 0.0242 -0.0013 0.0018 -0.0101 -0.0096 -0.0296 -0.0028 -0.0229 -0.0087 -0.0375 -0.0055 -0.0349 101.8968
0.0000 0.0000 0.0000 0.0000 0.0000 0.0000 0.0217 -0.0011 0.0014 -0.0102 -0.0143 -0.0294 -0.0020 -0.0229 -0.0074 -0.0380 -0.0067 -0.0347 101.9982
0.0000 0.0000 0.0000 0.0000 0.0000 0.0000 0.0193 0.0034 0.0014 -0.0102 -0.0186 -0.0297 -0.0020 -0.0227 -0.0067 -0.0381 -0.0067 -0.0344 102.0992
0.0000 0.0000 0.0000 0.0000 0.0000 0.0000 0.0131 0.0021 0.0014 -0.0102 -0.0227 -0.0290 -0.0020 -0.0227 -0.0061 -0.0385 -0.0066 -0.0338 102.2006
0.0000 0.0000 0.0000 0.0000 0.0000 0.0000 0.0099 0.0016 0.0014 -0.0100 -0.0288 -0.0259 -0.0020 -0.0224 -0.0047 -0.0387 -0.0066 -0.0338 102.3018
0.0000 0.0000 0.0000 0.0000 0.0000 0.0000 0.0084 0.0009 0.0002 -0.0101 -0.0332 -0.0224 -0.0000 -0.0226 -0.0041 -0.0390 -0.0087 -0.0325 102.4033
0.0000 0.0000 0.0000 0.0000 0.0000 0.0000 0.0077 0.0005 -0.0009 -0.0102 -0.0373 -0.0143 0.0016 -0.0229 -0.0027 -0.0391 -0.0109 -0.0315 102.5042
0.0000 0.0000 0.0000 0.0000 0.0000 0.0000 0.0070 0.0002 -0.0015 -0.0106 -0.0375 -0.0144 0.0024 -0.0231 -0.0028 -0.0398 -0.0114 -0.0312 102.6052
0.0000 0.0000 0.0000 0.0000 0.0000 0.0000 0.0075 -0.0004 -0.0023 -0.0110 -0.0384 0.0034 0.0024 -0.0231 -0.0007 -0.0401 -0.0113 -0.0310 102.7066
0.0000 0.0000 0.0000 0.0000 0.0000 0.0000 0.0057 -0.0007 -0.0024 -0.0112 -0.0316 0.0103 0.0024 -0.0231 0.0007 -0.0406 -0.0113 -0.0310 102.8080
0.0000 0.0000 0.0000 0.0000 0.0000 0.0000 0.0054 -0.0014 -0.0024 -0.0112 -0.0273 0.0089 0.0024 -0.0231 0.0007 -0.0410 -0.0112 -0.0307 102.9095
0.0000 0.0000 0.0000 0.0000 0.0000 0.0000 0.0056 -0.0020 -0.0024 -0.0113 -0.0231 0.0075 0.0024 -0.0231 0.0007 -0.0416 -0.0111 -0.0305 103.0115
0.0000 0.0000 0.0000 0.0000 0.0000 0.0000 0.0049 -0.0032 -0.0024 -0.0113 -0.0108 0.0108 0.0024 -0.0230 0.0043 -0.0413 -0.0110 -0.0302 103.1127
0.0000 0.0000 0.0000 0.0000 0.0000 0.0000 0.0041 -0.0033 -0.0024 -0.0111 -0.0057 0.0066 0.0064 -0.0210 0.0057 -0.0409 -0.0177 -0.0263 103.2143
0.0000 0.0000 0.0000 0.0000 0.0000 0.0000 0.0037 -0.0047 -0.0063 -0.0091 -0.0028 0.0035 0.0070 -0.0203 0.0060 -0.0380 -0.0185 -0.0254 103.3153
0.0000 0.0000 0.0000 0.0000 0.0000 0.0000 0.0037 -0.0062 -0.0072 -0.0080 -0.0025 0.0033 0.0075 -0.0196 0.0057 -0.0357 -0.0195 -0.0241 103.4164
0.0000 0.0000 0.0000 0.0000 0.0000 0.0000 0.0034 -0.0074 -0.0070 -0.0077 -0.0026 0.0038 0.0074 -0.0192 0.0070 -0.0330 -0.0192 -0.0237 103.5180
0.0000 0.0000 0.0000 0.0000 0.0000 0.0000 0.0037 -0.0080 -0.0077 -0.0063 -0.0026 0.0038 0.0082 -0.0183 0.0078 -0.0291 -0.0199 -0.0221 103.6194
0.0000 0.0000 0.0000 0.0000 0.0000 0.0000 0.0013 -0.0090 -0.0075 -0.0061 -0.0025 0.0036 0.0084 -0.0173 0.0083 -0.0290 -0.0212 -0.0198 103.7212
0.0000 0.0000 0.0000 0.0000 0.0000 0.0000 0.0008 -0.0109 -0.0078 -0.0042 -0.0022 0.0032 0.0084 -0.0164 0.0082 -0.0253 -0.0205 -0.0192 103.8225
0.0000 0.0000 0.0000 0.0000 0.0000 0.0000 -0.0000 -0.0121 -0.0069 -0.0024 -0.0021 0.0029 0.0080 -0.0138 0.0064 -0.0185 -0.0209 -0.0157 103.9241
0.0000 0.0000 0.0000 0.0000 0.0000 0.0000 -0.0000 -0.0132 -0.0055 -0.0018 -0.0031 0.0035 0.0067 -0.0120 0.0050 -0.0131 -0.0184 -0.0149 104.0253
0.0000 0.0000 0.0000 0.0000 0.0000 0.0000 -0.0000 -0.0138 -0.0044 -0.0014 -0.0033 0.0032 0.0065 -0.0122 0.0021 -0.0051 -0.0163 -0.0137 104.1268
0.0000 0.0000 0.0000 0.0000 -0.0000 0.0000 -0.0051 -0.0132 -0.0035 -0.0011 -0.0044 0.0033 0.0048 -0.0091 0.0022 -0.0051 -0.0143 -0.0120 104.2279
0.0000 0.0000 0.0000 0.0000 -0.0000 0.0000 -0.0072 -0.0147 -0.0027 -0.0009 -0.0052 0.0028 0.0048 -0.0091 0.0014 -0.0030 -0.0122 -0.0103 104.3292
0.0000 0.0000 0.0000 0.0000 -0.0000 0.0000 -0.0122 -0.0135 -0.0022 -0.0007 -0.0055 0.0020 0.0041 -0.0077 0.0013 -0.0025 -0.0105 -0.0088 104.4310
0.0000 0.0000 0.0000 0.0000 -0.0000 0.0000 -0.0137 -0.0153 -0.0016 -0.0005 -0.0069 0.0006 0.0028 -0.0053 0.0013 -0.0025 -0.0086 -0.0073 104.5329
0.0000 0.0000 0.0000 0.0000 -0.0000 0.0000 -0.0204 -0.0091 -0.0017 -0.0012 -0.0080 -0.0008 0.0024 -0.0067 0.0009 -0.0016 -0.0066 -0.0066 104.6343
0.0000 0.0000 0.0000 0.0000 -0.0000 0.0000 -0.0248 0.0026 -0.0018 -0.0015 -0.0080 -0.0008 0.0024 -0.0067 0.0011 -0.0021 -0.0050 -0.0054 104.7354
0.0000 0.0000 0.0000 0.0000 -0.0000 0.0000 -0.0261 0.0027 -0.0016 -0.0024 -0.0047 -0.0060 0.0021 -0.0057 0.0014 -0.0026 -0.0032 -0.0035 104.8366
0.0000 0.0000 0.0000 0.0000 -0.0000 0.0000 -0.0222 0.0144 -0.0017 -0.0025 -0.0050 -0.0113 0.0014 -0.0064 0.0013 -0.0024 -0.0019 -0.0025 104.9378
0.0000 0.0000 0.0000 0.0000 -0.0000 0.0000 -0.0174 0.0174 -0.0010 -0.0025 -0.0064 -0.0143 0.0014 -0.0064 0.0013 -0.0024 -0.0016 -0.0025 105.0392
0.0000 0.0000 0.0000 0.0000 -0.0000 0.0000 -0.0101 0.0197 -0.0009 -0.0033 -0.0064 -0.0144 0.0001 -0.0066 0.0016 -0.0030 -0.0016 -0.0027 105.1405
0.0000 0.0000 0.0000 0.0000 -0.0000 0.0000 -0.0070 0.0165 -0.0011 -0.0038 -0.0018 -0.0174 0.0001 -0.0066 0.0013 -0.0025 -0.0017 -0.0028 105.2427
0.0000 0.0000 0.0000 0.0000 -0.0000 0.0000 -0.0048 0.0132 -0.0003 -0.0051 -0.0006 -0.0175 -0.0014 -0.0078 0.0019 -0.0034 -0.0015 -0.0030 105.3442
0.0000 0.0000 0.0000 0.0000 -0.0000 0.0000 -0.0026 0.0111 -0.0003 -0.0056 0.0003 -0.0191 -0.0013 -0.0075 0.0020 -0.0034 -0.0017 -0.0034 105.4549
0.0000 0.0000 0.0000 0.0000 -0.0000 0.0000 -0.0017 0.0087 -0.0003 -0.0060 0.0039 -0.0223 -0.0031 -0.0066 0.0022 -0.0024 -0.0008 -0.0037 105.5562
0.0000 0.0000 0.0000 0.0000 -0.0000 0.0000 -0.0014 0.0071 0.0016 -0.0071 0.0039 -0.0223 -0.0047 -0.0077 0.0037 -0.0017 -0.0007 -0.0044 105.6578
0.0000 0.0000 0.0000 0.0000 -0.0000 0.0000 -0.0006 0.0071 0.0018 -0.0079 0.0082 -0.0224 -0.0047 -0.0077 0.0043 -0.0010 -0.0008 -0.0049 105.7595
0.0000 0.0000 0.0000 0.0000 0.0000 0.0000 -0.0006 0.0054 0.0019 -0.0083 0.0140 -0.0216 -0.0053 -0.0089 0.0060 0.0002 -0.0008 -0.0052 105.8609
0.0000 0.0000 0.0000 0.0000 0.0000 0.0000 -0.0005 0.0047 0.0060 -0.0071 0.0217 -0.0189 -0.0122 -0.0044 0.0046 0.0029 0.0007 -0.0065 105.9619
0.0000 0.0000 0.0000 0.0000 0.0000 0.0000 -0.0004 0.0038 0.0065 -0.0078 0.0265 -0.0129 -0.0153 -0.0016 0.0051 0.0049 0.0007 -0.0065 106.0630
0.0000 0.0000 0.0000 0.0000 0.0000 0.0000 -0.0005 0.0029 0.0089 -0.0060 0.0301 0.0000 -0.0145 0.0087 0.0041 0.0071 0.0008 -0.0072 106.1645
0.0000 0.0000 0.0000 0.0000 0.0000 0.0000 -0.0005 0.0020 0.0090 -0.0048 0.0253 0.0097 -0.0121 0.0125 0.0033 0.0096 0.0043 -0.0071 106.2656
0.0000 0.0000 0.0000 0.0000 0.0000 0.0000 -0.0004 0.0014 0.0088 -0.0047 0.0215 0.0083 -0.0086 0.0149 0.0028 0.0112 0.0071 -0.0062 106.3666
0.0000 0.0000 0.0000 0.0000 0.0000 0.0000 -0.0006 0.0021 0.0097 -0.0015 0.0165 0.0091 -0.0065 0.0146 0.0031 0.0125 0.0095 -0.0052 106.4680
0.0000 0.0000 0.0000 0.0000 0.0000 0.0000 -0.0006 0.0023 0.0074 0.0000 0.0100 0.0087 -0.0040 0.0139 0.0031 0.0125 0.0105 -0.0058 106.5694
0.0000 0.0000 0.0000 0.0000 0.0000 0.0000 -0.0021 0.0026 0.0044 0.0000 0.0058 0.0067 -0.0035 0.0121 0.0005 0.0143 0.0112 -0.0002 106.6710
0.0000 0.0000 0.0000 0.0000 0.0000 0.0000 -0.0031 0.0038 0.0031 0.0000 0.0058 0.0067 -0.0035 0.0121 0.0005 0.0143 0.0111 -0.0002 106.7721
0.0000 0.0000 0.0000 0.0000 0.0000 0.0000 -0.0033 0.0041 0.0020 -0.0001 0.0041 0.0047 -0.0031 0.0108 0.0005 0.0147 0.0111 -0.0002 106.8736
0.0000 0.0000 0.0000 0.0000 0.0000 0.0000 -0.0054 0.0021 0.0020 -0.0001 0.0023 0.0036 -0.0021 0.0092 -0.0033 0.0144 0.0111 -0.0002 106.9748
0.0000 0.0000 0.0000 0.0000 0.0000 0.0000 -0.0080 0.0004 0.0023 -0.0001 0.0022 0.0036 -0.0023 0.0076 -0.0046 0.0141 0.0101 0.0045 107.0757
0.0000 0.0000 0.0000 0.0000 0.0000 0.0000 -0.0097 -0.0017 0.0023 -0.0001 0.0014 0.0023 -0.0023 0.0076 -0.0046 0.0141 0.0115 0.0072 107.1775
0.0000 0.0000 0.0000 0.0000 0.0000 0.0000 -0.0116 -0.0020 0.0026 -0.0001 0.0014 0.0023 -0.0022 0.0073 -0.0046 0.0141 0.0129 0.0081 107.2788
0.0000 0.0000 0.0000 0.0000 0.0000 0.0000 -0.0127 -0.0022 0.0025 -0.0004 0.0010 0.0016 -0.0026 0.0072 -0.0047 0.0146 0.0123 0.0089 107.3800
0.0000 0.0000 0.0000 0.0000 0.0000 0.0000 -0.0135 -0.0024 0.0024 -0.0008 0.0010 0.0016 -0.0028 0.0069 -0.0047 0.0146 0.0123 0.0089 107.4813
0.0000 0.0000 0.0000 0.0000 0.0000 0.0000 -0.0140 -0.0025 0.0019 -0.0007 0.0011 0.0018 -0.0028 0.0069 -0.0121 0.0113 0.0136 0.0095 107.5839
0.0000 0.0000 0.0000 0.0000 0.0000 0.0000 -0.0085 -0.0117 0.0019 -0.0007 0.0010 0.0018 -0.0030 0.0074 -0.0112 0.0104 0.0143 0.0100 107.6852
0.0000 0.0000 0.0000 0.0000 0.0000 0.0000 -0.0079 -0.0136 0.0017 -0.0006 0.0011 0.0018 -0.0032 0.0078 -0.0125 0.0088 0.0149 0.0104 107.7866
0.0000 0.0000 0.0000 0.0000 0.0000 0.0000 -0.0067 -0.0151 0.0016 -0.0005 0.0010 0.0016 -0.0032 0.0078 -0.0118 0.0065 0.0149 0.0104 107.8877
0.0000 0.0000 0.0000 0.0000 0.0000 0.0000 -0.0069 -0.0156 0.0016 -0.0005 0.0013 0.0021 -0.0033 0.0081 -0.0128 0.0071 0.0149 0.0104 107.9892
0.0000 0.0000 0.0000 0.0000 0.0000 0.0000 -0.0070 -0.0158 0.0015 -0.0005 0.0013 0.0021 -0.0033 0.0081 -0.0128 0.0071 0.0151 0.0105 108.0907
0.0000 0.0000 0.0000 0.0000 0.0000 0.0000 -0.0071 -0.0159 0.0013 -0.0004 0.0015 0.0024 -0.0033 0.0081 -0.0139 0.0077 0.0150 0.0105 108.1922
0.0000 0.0000 0.0000 0.0000 0.0000 0.0000 -0.0071 -0.0159 0.0020 0.0006 0.0016 0.0025 -0.0055 0.0092 -0.0147 0.0082 0.0150 0.0105 108.2933
0.0000 0.0000 0.0000 0.0000 0.0000 0.0000 -0.0009 -0.0174 0.0016 0.0014 0.0036 0.0011 -0.0055 0.0091 -0.0167 0.0023 0.0110 0.0141 108.3948
0.0000 0.0000 0.0000 0.0000 0.0000 0.0000 0.0018 -0.0171 0.0023 0.0020 0.0036 0.0011 -0.0054 0.0090 -0.0150 0.0021 0.0097 0.0139 108.4960
0.0000 0.0000 0.0000 0.0000 0.0000 0.0000 0.0029 -0.0166 0.0028 0.0025 0.0038 0.0012 -0.0054 0.0090 -0.0138 0.0019 0.0090 0.0129 108.5971
0.0000 0.0000 0.0000 0.0000 0.0000 0.0000 0.0029 -0.0163 0.0018 0.0046 0.0039 -0.0013 -0.0051 0.0085 -0.0126 0.0018 0.0090 0.0129 108.6989
0.0000 0.0000 0.0000 0.0000 0.0000 0.0000 0.0073 -0.0151 0.0017 0.0061 0.0045 -0.0031 -0.0049 0.0082 -0.0125 0.0015 0.0069 0.0120 108.8003
0.0000 0.0000 0.0000 0.0000 0.0000 0.0000 0.0081 -0.0145 0.0018 0.0063 0.0045 -0.0044 -0.0049 0.0081 -0.0124 0.0013 0.0061 0.0106 108.9015
0.0000 0.0000 0.0000 0.0000 0.0000 0.0000 0.0106 -0.0126 0.0019 0.0065 0.0052 -0.0051 -0.0056 0.0094 -0.0123 0.0013 0.0057 0.0098 109.0032
0.0000 0.0000 0.0000 0.0000 0.0000 0.0000 0.0110 -0.0110 0.0019 0.0066 0.0054 -0.0053 -0.0056 0.0094 -0.0123 0.0013 0.0051 0.0088 109.1047
0.0000 0.0000 0.0000 0.0000 0.0000 0.0000 0.0114 -0.0092 0.0000 0.0074 0.0025 -0.0073 -0.0058 0.0097 -0.0123 0.0013 0.0043 0.0092 109.2069
0.0000 0.0000 0.0000 0.0000 0.0000 0.0000 0.0105 -0.0085 -0.0001 0.0078 0.0027 -0.0078 -0.0044 0.0115 -0.0129 0.0052 0.0037 0.0087 109.3085
0.0000 0.0000 0.0000 0.0000 0.0000 0.0000 0.0101 -0.0082 -0.0001 0.0082 0.0017 -0.0095 -0.0045 0.0116 -0.0135 0.0069 0.0037 0.0087 109.4098
0.0000 0.0000 0.0000 0.0000 0.0000 0.0000 0.0098 -0.0085 -0.0001 0.0086 0.0019 -0.0109 -0.0045 0.0116 -0.0135 0.0069 0.0037 0.0087 109.5114
0.0000 0.0000 0.0000 0.0000 0.0000 0.0000 0.0100 -0.0087 -0.0005 0.0089 0.0021 -0.0117 -0.0044 0.0116 -0.0154 0.0078 0.0037 0.0088 109.6128
0.0000 0.0000 0.0000 0.0000 0.0000 0.0000 0.0102 -0.0089 -0.0005 0.0092 0.0022 -0.0122 -0.0030 0.0120 -0.0159 0.0081 0.0026 0.0098 109.7143
0.0000 0.0000 0.0000 0.0000 0.0000 0.0000 0.0104 -0.0090 -0.0005 0.0092 0.0022 -0.0125 -0.0030 0.0120 -0.0162 0.0082 0.0028 0.0105 109.8161
0.0000 0.0000 0.0000 0.0000 -0.0000 0.0000 0.0105 -0.0091 -0.0007 0.0099 -0.0022 -0.0124 -0.0022 0.0124 -0.0101 0.0206 0.0015 0.0122 109.9173
0.0000 0.0000 0.0000 0.0000 -0.0000 0.0000 0.0096 -0.0099 -0.0007 0.0102 -0.0023 -0.0133 -0.0022 0.0124 -0.0086 0.0213 0.0017 0.0136 110.0187
0.0000 0.0000 0.0000 0.0000 -0.0000 0.0000 0.0094 -0.0097 -0.0011 0.0104 -0.0064 -0.0136 -0.0022 0.0124 -0.0082 0.0252 0.0018 0.0146 110.1205
0.0000 0.0000 0.0000 0.0000 -0.0000 0.0000 0.0084 -0.0104 -0.0011 0.0105 -0.0070 -0.0149 -0.0013 0.0126 -0.0073 0.0295 0.0000 0.0161 110.2217
0.0000 0.0000 0.0000 0.0000 -0.0000 0.0000 0.0087 -0.0108 -0.0011 0.0106 -0.0120 -0.0133 -0.0014 0.0132 -0.0006 0.0330 0.0000 0.0171 110.3229
0.0000 0.0000 0.0000 0.0000 -0.0000 0.0000 0.0080 -0.0114 -0.0011 0.0107 -0.0150 -0.0135 -0.0014 0.0132 0.0019 0.0356 0.0000 0.0186 110.4245
0.0000 0.0000 0.0000 0.0000 -0.0000 0.0000 0.0075 -0.0125 -0.0015 0.0106 -0.0166 -0.0150 -0.0005 0.0138 0.0020 0.0376 -0.0028 0.0201 110.5260
0.0000 0.0000 0.0000 0.0000 -0.0000 0.0000 0.0080 -0.0133 -0.0017 0.0107 -0.0218 -0.0102 -0.0003 0.0148 0.0134 0.0368 -0.0049 0.0211 110.6279
0.0000 0.0000 0.0000 0.0000 -0.0000 0.0000 0.0079 -0.0132 -0.0017 0.0108 -0.0233 -0.0089 -0.0003 0.0148 0.0218 0.0349 -0.0052 0.0225 110.7289
0.0000 0.0000 0.0000 0.0000 -0.0000 0.0000 0.0079 -0.0131 -0.0021 0.0108 -0.0241 -0.0065 -0.0003 0.0154 0.0218 0.0349 -0.0072 0.0236 110.8303
0.0000 0.0000 0.0000 0.0000 -0.0000 0.0000 0.0077 -0.0128 -0.0021 0.0108 -0.0240 -0.0064 0.0006 0.0159 0.0233 0.0372 -0.0076 0.0249 110.9314
0.0000 0.0000 0.0000 0.0000 -0.0000 0.0000 0.0041 -0.0142 -0.0021 0.0107 -0.0246 -0.0026 0.0006 0.0165 0.0414 0.0159 -0.0079 0.0259 111.0325
0.0000 0.0000 0.0000 0.0000 -0.0000 0.0000 0.0032 -0.0163 -0.0021 0.0108 -0.0232 -0.0024 0.0006 0.0176 0.0406 0.0156 -0.0082 0.0269 111.1353
0.0000 0.0000 0.0000 0.0000 -0.0000 0.0000 0.0034 -0.0176 -0.0021 0.0110 -0.0222 -0.0023 0.0006 0.0181 0.0393 0.0151 -0.0085 0.0277 111.2368
0.0000 0.0000 0.0000 0.0000 -0.0000 0.0000 0.0035 -0.0180 -0.0026 0.0111 -0.0220 -0.0023 0.0019 0.0181 0.0393 0.0151 -0.0128 0.0261 111.3381
0.0000 0.0000 0.0000 0.0000 -0.0000 0.0000 0.0003 -0.0185 -0.0024 0.0112 -0.0220 -0.0023 0.0023 0.0185 0.0388 0.0149 -0.0122 0.0250 111.4393
0.0000 0.0000 0.0000 0.0000 -0.0000 0.0000 -0.0021 -0.0201 -0.0026 0.0112 -0.0174 0.0089 0.0027 0.0191 0.0222 -0.0341 -0.0119 0.0235 111.5408
0.0000 0.0000 0.0000 0.0000 -0.0000 0.0000 -0.0028 -0.0200 -0.0026 0.0113 -0.0068 0.0035 0.0027 0.0194 0.0160 -0.0247 -0.0104 0.0205 111.6424
0.0000 0.0000 0.0000 0.0000 -0.0000 0.0000 -0.0028 -0.0196 -0.0027 0.0115 -0.0064 0.0042 0.0027 0.0194 0.0092 -0.0181 -0.0092 0.0181 111.7440
0.0000 0.0000 0.0000 0.0000 -0.0000 0.0000 -0.0060 -0.0185 -0.0027 0.0117 -0.0028 0.0018 0.0032 0.0199 0.0055 -0.0107 -0.0084 0.0164 111.8455
0.0000 0.0000 0.0000 0.0000 -0.0000 0.0000 -0.0063 -0.0193 -0.0027 0.0118 -0.0015 0.0012 0.0031 0.0199 0.0023 -0.0062 -0.0073 0.0143 111.9467
0.0000 0.0000 0.0000 0.0000 -0.0000 0.0000 -0.0121 -0.0167 -0.0027 0.0119 -0.0029 0.0024 0.0031 0.0198 0.0013 -0.0035 -0.0065 0.0128 112.0477
0.0000 0.0000 0.0000 0.0000 -0.0000 0.0000 -0.0133 -0.0183 -0.0028 0.0119 -0.0019 0.0017 0.0031 0.0198 0.0016 -0.0050 -0.0035 0.0076 112.1492
0.0000 0.0000 0.0000 0.0000 -0.0000 0.0000 -0.0210 -0.0111 -0.0028 0.0120 -0.0047 0.0042 0.0031 0.0194 0.0017 -0.0051 -0.0021 0.0045 112.2507
0.0000 0.0000 0.0000 0.0000 -0.0000 0.0000 -0.0259 -0.0069 -0.0026 0.0121 -0.0041 0.0037 0.0029 0.0184 0.0016 -0.0050 -0.0021 0.0045 112.3518
0.0000 0.0000 0.0000 0.0000 -0.0000 0.0000 -0.0285 -0.0076 -0.0026 0.0121 -0.0041 0.0037 0.0025 0.0178 0.0018 -0.0054 -0.0011 0.0029 112.4532
0.0000 0.0000 0.0000 0.0000 -0.0000 0.0000 -0.0301 -0.0081 -0.0024 0.0123 -0.0047 0.0037 0.0020 0.0166 0.0016 -0.0054 -0.0011 0.0029 112.5544
0.0000 0.0000 0.0000 0.0000 -0.0000 0.0000 -0.0313 -0.0084 -0.0022 0.0123 -0.0100 0.0063 0.0020 0.0166 0.0026 -0.0089 -0.0009 0.0037 112.6556
0.0000 0.0000 0.0000 0.0000 -0.0000 0.0000 -0.0214 0.0264 -0.0020 0.0125 -0.0075 0.0047 0.0013 0.0145 0.0021 -0.0072 -0.0008 0.0042 112.7567
0.0000 0.0000 0.0000 0.0000 -0.0000 0.0000 -0.0206 0.0254 -0.0020 0.0124 -0.0093 0.0058 0.0013 0.0145 0.0021 -0.0075 -0.0009 0.0044 112.8577
0.0000 0.0000 0.0000 0.0000 0.0000 0.0000 -0.0089 0.0311 -0.0019 0.0120 -0.0090 0.0026 0.0011 0.0122 0.0029 -0.0072 -0.0008 0.0044 112.9589
0.0000 0.0000 0.0000 0.0000 0.0000 0.0000 -0.0078 0.0273 -0.0012 0.0117 -0.0121 0.0035 0.0011 0.0122 0.0038 -0.0095 -0.0008 0.0044 113.0602
0.0000 0.0000 0.0000 0.0000 0.0000 0.0000 -0.0032 0.0263 -0.0012 0.0113 -0.0153 0.0000 0.0002 0.0113 0.0035 -0.0075 0.0002 0.0047 113.1615
0.0000 0.0000 0.0000 0.0000 0.0000 0.0000 -0.0029 0.0236 -0.0011 0.0109 -0.0158 0.0000 0.0002 0.0101 0.0049 -0.0104 0.0003 0.0048 113.2630
0.0000 0.0000 0.0000 0.0000 0.0000 0.0000 0.0008 0.0223 -0.0011 0.0104 -0.0156 0.0000 0.0002 0.0101 0.0036 -0.0078 0.0003 0.0048 113.3643
0.0000 0.0000 0.0000 0.0000 0.0000 0.0000 0.0017 0.0197 -0.0002 0.0098 -0.0137 -0.0061 0.0002 0.0100 0.0063 -0.0081 0.0002 0.0045 113.4660
0.0000 0.0000 0.0000 0.0000 0.0000 0.0000 0.0015 0.0168 -0.0002 0.0094 -0.0180 -0.0080 -0.0008 0.0094 0.0061 -0.0078 0.0025 0.0049 113.5676
0.0000 0.0000 0.0000 0.0000 0.0000 0.0000 0.0014 0.0160 0.0003 0.0087 -0.0155 -0.0214 -0.0014 0.0089 0.0102 -0.0066 0.0046 0.0036 113.6688
0.0000 0.0000 0.0000 0.0000 0.0000 0.0000 0.0012 0.0140 0.0004 0.0079 -0.0128 -0.0231 -0.0016 0.0088 0.0102 -0.0066 0.0046 0.0036 113.7711
0.0000 0.0000 0.0000 0.0000 0.0000 0.0000 0.0057 0.0117 0.0005 0.0071 -0.0147 -0.0265 -0.0017 0.0086 0.0169 0.0058 0.0079 0.0021 113.8728
0.0000 0.0000 0.0000 0.0000 0.0000 0.0000 0.0043 0.0087 0.0005 0.0067 -0.0164 -0.0296 -0.0016 0.0083 0.0169 0.0058 0.0091 0.0024 113.9738
0.0000 0.0000 0.0000 0.0000 0.0000 0.0000 0.0047 0.0096 0.0004 0.0064 -0.0174 -0.0315 -0.0016 0.0080 0.0241 0.0083 0.0091 0.0024 114.0751
0.0000 0.0000 0.0000 0.0000 0.0000 0.0000 0.0058 0.0089 0.0004 0.0060 -0.0182 -0.0328 -0.0016 0.0080 0.0241 0.0083 0.0109 0.0029 114.1763
0.0000 0.0000 0.0000 0.0000 0.0000 0.0000 0.0067 0.0095 0.0010 0.0054 -0.0385 -0.0082 -0.0025 0.0069 0.0107 0.0252 0.0083 -0.0078 114.2778
0.0000 0.0000 0.0000 0.0000 0.0000 0.0000 0.0091 0.0120 0.0009 0.0050 -0.0271 -0.0058 -0.0024 0.0066 0.0144 0.0340 0.0086 -0.0080 114.3790
0.0000 0.0000 0.0000 0.0000 0.0000 0.0000 0.0069 0.0103 0.0010 0.0044 -0.0195 0.0112 -0.0031 0.0063 0.0229 0.0381 0.0061 -0.0090 114.4807
0.0000 0.0000 0.0000 0.0000 0.0000 0.0000 0.0072 0.0116 0.0009 0.0041 -0.0077 0.0064 -0.0025 0.0052 0.0310 0.0383 0.0061 -0.0090 114.5819
0.0000 0.0000 0.0000 0.0000 0.0000 0.0000 0.0057 0.0103 0.0009 0.0041 -0.0104 0.0088 -0.0021 0.0043 0.0323 0.0399 0.0058 -0.0087 114.6830
0.0000 0.0000 0.0000 0.0000 0.0000 0.0000 0.0053 0.0125 0.0009 0.0038 -0.0058 0.0080 -0.0018 0.0037 0.0414 0.0220 0.0059 -0.0087 114.7845
0.0000 0.0000 0.0000 0.0000 0.0000 0.0000 0.0054 0.0128 0.0012 0.0030 -0.0103 0.0024 -0.0016 0.0021 0.0343 0.0024 0.0034 -0.0070 114.8860
0.0000 0.0000 0.0000 0.0000 0.0000 0.0000 0.0022 0.0142 0.0009 0.0023 -0.0147 0.0034 -0.0007 0.0009 0.0282 0.0030 0.0034 -0.0070 114.9873
0.0000 0.0000 0.0000 0.0000 0.0000 0.0000 -0.0003 0.0181 0.0009 0.0015 -0.0139 0.0032 -0.0011 0.0012 0.0210 0.0022 0.0022 -0.0045 115.0888
0.0000 0.0000 0.0000 0.0000 0.0000 0.0000 -0.0039 0.0201 0.0008 0.0012 -0.0113 -0.0196 -0.0011 0.0010 0.0104 0.0234 0.0037 -0.0059 115.1899
0.0000 0.0000 0.0000 0.0000 0.0000 0.0000 -0.0056 0.0210 0.0011 0.0012 -0.0140 -0.0243 -0.0014 0.0011 0.0125 0.0280 0.0052 -0.0067 115.2911
0.0000 0.0000 0.0000 0.0000 0.0000 0.0000 -0.0131 0.0195 0.0013 0.0010 -0.0078 -0.0292 -0.0014 0.0011 0.0026 0.0367 0.0064 -0.0054 115.3923
0.0000 0.0000 0.0000 0.0000 0.0000 0.0000 -0.0152 0.0225 0.0021 0.0008 -0.0028 -0.0174 -0.0012 0.0010 -0.0015 0.0433 0.0084 -0.0016 115.4935
0.0000 0.0000 0.0000 0.0000 0.0000 0.0000 -0.0156 0.0232 0.0030 -0.0003 -0.0000 -0.0137 -0.0024 0.0001 -0.0088 0.0558 0.0066 0.0052 115.5949
0.0000 0.0000 0.0000 0.0000 0.0000 0.0000 -0.0245 -0.0136 0.0025 -0.0031 0.0014 -0.0206 -0.0026 -0.0024 -0.0151 0.0605 0.0065 0.0117 115.6961
0.0000 0.0000 0.0000 0.0000 0.0000 0.0000 -0.0199 -0.0318 0.0028 -0.0034 0.0039 -0.0203 -0.0031 -0.0029 -0.0154 0.0619 0.0075 0.0135 115.7976
0.0000 0.0000 0.0000 0.0000 0.0000 0.0000 -0.0184 -0.0378 0.0030 -0.0037 0.0167 -0.0278 -0.0033 -0.0031 -0.0236 0.0583 0.0086 0.0154 115.8992
0.0000 0.0000 0.0000 0.0000 -0.0000 0.0000 -0.0122 -0.0424 0.0012 -0.0046 0.0327 -0.0189 -0.0020 -0.0053 -0.0364 0.0500 0.0074 0.0184 116.0003
0.0000 0.0000 0.0000 0.0000 -0.0000 0.0000 -0.0058 -0.0411 0.0013 -0.0048 0.0416 0.0044 -0.0018 -0.0046 -0.0364 0.0500 0.0082 0.0202 116.1019
0.0000 0.0000 0.0000 0.0000 -0.0000 0.0000 -0.0024 -0.0345 0.0014 -0.0053 0.0328 0.0306 -0.0018 -0.0046 -0.0546 0.0077 0.0094 0.0233 116.2036
0.0000 0.0000 0.0000 0.0000 -0.0000 0.0000 -0.0018 -0.0260 0.0014 -0.0053 0.0288 0.0343 -0.0011 -0.0028 -0.0463 0.0032 0.0098 0.0242 116.3054
0.0000 0.0000 0.0000 0.0000 -0.0000 0.0000 0.0047 -0.0202 -0.0006 -0.0056 0.0271 0.0323 0.0006 -0.0040 -0.0390 0.0027 0.0066 0.0266 116.4070
0.0000 0.0000 0.0000 0.0000 -0.0000 0.0000 0.0033 -0.0144 -0.0006 -0.0058 0.0109 0.0408 0.0007 -0.0047 -0.0240 -0.0047 0.0066 0.0265 116.5084
0.0000 0.0000 0.0000 0.0000 -0.0000 0.0000 0.0030 -0.0131 -0.0010 -0.0057 0.0018 0.0336 0.0016 -0.0044 -0.0156 -0.0030 0.0066 0.0263 116.6102
0.0000 0.0000 0.0000 0.0000 -0.0000 0.0000 0.0034 -0.0148 -0.0010 -0.0053 0.0000 0.0305 0.0017 -0.0042 -0.0156 -0.0030 0.0040 0.0254 116.7117
0.0000 0.0000 0.0000 0.0000 -0.0000 0.0000 0.0066 -0.0147 -0.0010 -0.0050 -0.0033 0.0265 0.0017 -0.0043 -0.0089 -0.0017 0.0035 0.0221 116.8128
0.0000 0.0000 0.0000 0.0000 -0.0000 0.0000 0.0060 -0.0134 -0.0009 -0.0046 -0.0042 0.0264 0.0021 -0.0034 -0.0106 -0.0023 0.0027 0.0191 116.9138
0.0000 0.0000 0.0000 0.0000 -0.0000 0.0000 0.0053 -0.0137 -0.0011 -0.0045 -0.0048 0.0192 0.0021 -0.0034 -0.0106 -0.0023 0.0017 0.0165 117.0152
0.0000 0.0000 0.0000 0.0000 -0.0000 0.0000 0.0052 -0.0152 -0.0011 -0.0042 -0.0031 0.0126 0.0026 -0.0027 -0.0140 -0.0022 0.0014 0.0132 117.1166
0.0000 0.0000 0.0000 0.0000 -0.0000 0.0000 0.0050 -0.0163 -0.0011 -0.0040 -0.0031 0.0126 0.0026 -0.0027 -0.0229 0.0049 0.0012 0.0110 117.2185
0.0000 0.0000 0.0000 0.0000 -0.0000 0.0000 0.0046 -0.0170 -0.0010 -0.0037 -0.0011 0.0061 0.0025 -0.0026 -0.0229 0.0053 0.0010 0.0093 117.3205
0.0000 0.0000 0.0000 0.0000 -0.0000 0.0000 0.0029 -0.0180 -0.0010 -0.0036 -0.0012 0.0101 0.0024 -0.0025 -0.0248 0.0095 0.0008 0.0080 117.4231
0.0000 0.0000 0.0000 0.0000 -0.0000 0.0000 0.0013 -0.0192 -0.0009 -0.0033 -0.0012 0.0099 0.0024 -0.0025 -0.0291 0.0112 0.0008 0.0074 117.5244
0.0000 0.0000 0.0000 0.0000 -0.0000 0.0000 -0.0014 -0.0204 -0.0008 -0.0031 -0.0007 0.0104 0.0035 -0.0002 -0.0270 0.0156 0.0007 0.0071 117.6253
0.0000 0.0000 0.0000 0.0000 -0.0000 0.0000 -0.0035 -0.0222 -0.0010 -0.0024 -0.0007 0.0104 0.0035 -0.0002 -0.0326 0.0245 -0.0009 0.0077 117.7298
0.0000 0.0000 0.0000 0.0000 -0.0000 0.0000 -0.0038 -0.0239 -0.0008 -0.0021 -0.0004 0.0106 0.0034 -0.0002 -0.0240 0.0330 -0.0010 0.0083 117.8311
0.0000 0.0000 0.0000 0.0000 -0.0000 0.0000 -0.0097 -0.0228 -0.0007 -0.0018 0.0000 0.0093 0.0033 -0.0002 -0.0171 0.0470 -0.0011 0.0093 117.9323
0.0000 0.0000 0.0000 0.0000 -0.0000 0.0000 -0.0110 -0.0260 -0.0007 -0.0017 0.0000 0.0110 0.0032 -0.0002 -0.0171 0.0470 -0.0012 0.0099 118.0338
0.0000 0.0000 0.0000 0.0000 -0.0000 0.0000 -0.0117 -0.0275 -0.0006 -0.0016 -0.0004 0.0110 0.0032 -0.0002 -0.0111 0.0570 -0.0013 0.0106 118.1350
0.0000 0.0000 0.0000 0.0000 0.0000 0.0000 -0.0120 -0.0282 -0.0007 -0.0015 -0.0005 0.0087 0.0018 0.0021 -0.0067 0.0636 -0.0089 0.0102 118.2362
0.0000 0.0000 0.0000 0.0000 0.0000 0.0000 -0.0290 -0.0117 -0.0003 -0.0007 -0.0006 0.0092 0.0015 0.0018 0.0038 0.0735 -0.0109 0.0125 118.3373
0.0000 0.0000 0.0000 0.0000 0.0000 0.0000 -0.0385 0.0034 -0.0001 -0.0001 -0.0020 0.0086 0.0014 0.0016 0.0038 0.0735 -0.0127 0.0146 118.4389
0.0000 0.0000 0.0000 0.0000 0.0000 0.0000 -0.0426 0.0147 -0.0001 -0.0002 -0.0026 0.0086 0.0013 0.0016 0.0172 0.0811 -0.0139 0.0160 118.5403
0.0000 0.0000 0.0000 0.0000 0.0000 0.0000 -0.0366 0.0329 -0.0000 -0.0001 -0.0029 0.0068 0.0017 0.0013 0.0225 0.0839 -0.0225 -0.0028 118.6415
0.0000 0.0000 0.0000 0.0000 0.0000 0.0000 -0.0321 0.0382 -0.0001 -0.0001 -0.0043 0.0059 0.0017 0.0013 0.0353 0.0793 -0.0239 -0.0029 118.7428
0.0000 0.0000 0.0000 0.0000 0.0000 0.0000 -0.0262 0.0419 -0.0001 -0.0001 -0.0042 0.0055 0.0017 0.0013 0.0393 0.0807 -0.0245 -0.0030 118.8441
0.0000 0.0000 0.0000 0.0000 0.0000 0.0000 -0.0200 0.0430 -0.0001 -0.0001 -0.0047 0.0062 0.0014 0.0013 0.0403 0.0826 -0.0155 -0.0192 118.9454
0.0000 0.0000 0.0000 0.0000 0.0000 0.0000 -0.0162 0.0421 -0.0002 -0.0005 -0.0047 0.0062 0.0014 0.0009 0.0403 0.0826 -0.0155 -0.0192 119.0469
0.0000 0.0000 0.0000 0.0000 0.0000 0.0000 -0.0125 0.0408 -0.0002 -0.0005 -0.0045 0.0059 0.0014 0.0009 0.0411 0.0843 -0.0091 -0.0170 119.1480
0.0000 0.0000 0.0000 0.0000 0.0000 0.0000 -0.0117 0.0383 -0.0002 -0.0004 -0.0045 0.0059 0.0015 0.0007 0.0411 0.0843 -0.0063 -0.0118 119.2492
0.0000 0.0000 0.0000 0.0000 0.0000 0.0000 -0.0113 0.0368 -0.0002 -0.0004 -0.0045 0.0059 0.0014 0.0004 0.0411 0.0843 -0.0057 -0.0121 119.3504
0.0000 0.0000 0.0000 0.0000 0.0000 0.0000 -0.0091 0.0365 -0.0002 -0.0004 -0.0031 0.0041 0.0014 0.0004 0.0416 0.0853 -0.0057 -0.0121 119.4516
0.0000 0.0000 0.0000 0.0000 0.0000 0.0000 -0.0069 0.0353 -0.0002 -0.0004 -0.0008 0.0051 0.0012 0.0004 0.0489 0.0814 -0.0031 -0.0067 119.5531
0.0000 0.0000 0.0000 0.0000 0.0000 0.0000 -0.0047 0.0336 -0.0003 -0.0007 -0.0010 0.0060 0.0012 0.0004 0.0482 0.0802 -0.0031 -0.0067 119.6542
0.0000 0.0000 0.0000 0.0000 0.0000 0.0000 -0.0028 0.0318 -0.0003 -0.0007 -0.0005 0.0061 0.0020 0.0006 0.0496 0.0794 -0.0019 -0.0041 119.7563
0.0000 0.0000 0.0000 0.0000 0.0000 0.0000 -0.0026 0.0298 -0.0002 -0.0006 -0.0007 0.0077 0.0020 0.0006 0.0515 0.0763 -0.0019 -0.0041 119.8576
0.0000 0.0000 0.0000 0.0000 0.0000 0.0000 -0.0025 0.0290 -0.0002 -0.0006 -0.0003 0.0078 0.0016 0.0005 0.0515 0.0763 -0.0017 -0.0037 119.9590
0.0000 0.0000 0.0000 0.0000 0.0000 0.0000 -0.0025 0.0285 -0.0002 -0.0006 0.0001 0.0081 0.0016 0.0005 0.0500 0.0742 -0.0017 -0.0037 120.0604
0.0000 0.0000 0.0000 0.0000 0.0000 0.0000 -0.0030 0.0282 -0.0002 -0.0006 0.0007 0.0080 0.0016 0.0005 0.0500 0.0742 -0.0017 -0.0037 120.1621
0.0000 0.0000 0.0000 0.0000 0.0000 0.0000 -0.0029 0.0280 -0.0003 -0.0006 0.0007 0.0080 0.0031 0.0009 0.0513 0.0733 -0.0018 -0.0039 120.2633
0.0000 0.0000 0.0000 0.0000 0.0000 0.0000 -0.0029 0.0279 -0.0003 -0.0006 0.0010 0.0116 0.0031 0.0009 0.0497 0.0709 -0.0018 -0.0039 120.3647
0.0000 0.0000 0.0000 0.0000 0.0000 0.0000 -0.0034 0.0278 -0.0000 -0.0006 0.0008 0.0116 0.0026 0.0017 0.0497 0.0709 -0.0014 -0.0039 120.4660
0.0000 0.0000 0.0000 0.0000 0.0000 0.0000 -0.0033 0.0271 -0.0000 -0.0006 0.0009 0.0127 0.0026 0.0017 0.0465 0.0663 -0.0014 -0.0039 120.5673
0.0000 0.0000 0.0000 0.0000 0.0000 0.0000 -0.0033 0.0269 -0.0000 -0.0006 0.0009 0.0127 0.0015 0.0010 0.0465 0.0663 -0.0021 -0.0058 120.6683
0.0000 0.0000 0.0000 0.0000 0.0000 0.0000 -0.0033 0.0265 -0.0000 -0.0005 0.0003 0.0147 0.0015 0.0010 0.0434 0.0620 -0.0022 -0.0048 120.7693
0.0000 0.0000 0.0000 0.0000 0.0000 0.0000 -0.0033 0.0266 -0.0000 -0.0000 -0.0010 0.0149 0.0011 0.0013 0.0434 0.0620 -0.0022 -0.0048 120.8708
0.0000 0.0000 0.0000 0.0000 0.0000 0.0000 -0.0061 0.0263 -0.0001 -0.0005 -0.0010 0.0145 0.0002 0.0003 0.0407 0.0581 -0.0033 -0.0051 120.9723
0.0000 0.0000 0.0000 0.0000 0.0000 0.0000 -0.0072 0.0252 -0.0001 -0.0008 -0.0017 0.0138 0.0006 0.0012 0.0395 0.0544 -0.0064 -0.0035 121.0734
0.0000 0.0000 0.0000 0.0000 0.0000 0.0000 -0.0080 0.0246 -0.0005 -0.0005 -0.0026 0.0133 0.0007 0.0012 0.0341 0.0488 -0.0080 0.0001 121.1753
0.0000 0.0000 0.0000 0.0000 0.0000 0.0000 -0.0100 0.0237 -0.0008 -0.0009 -0.0034 0.0126 0.0005 0.0009 0.0320 0.0441 -0.0090 0.0002 121.2769
0.0000 0.0000 0.0000 0.0000 0.0000 0.0000 -0.0148 0.0212 -0.0008 -0.0010 -0.0042 0.0122 0.0009 0.0004 0.0297 0.0424 -0.0055 0.0071 121.3780
0.0000 0.0000 0.0000 0.0000 0.0000 0.0000 -0.0177 0.0203 -0.0009 -0.0013 -0.0050 0.0111 0.0019 0.0002 0.0288 0.0411 -0.0079 0.0131 121.4796
0.0000 0.0000 0.0000 0.0000 0.0000 0.0000 -0.0225 0.0170 -0.0009 -0.0012 -0.0058 0.0101 0.0023 0.0002 0.0287 0.0395 -0.0099 0.0166 121.5807
0.0000 0.0000 0.0000 0.0000 0.0000 0.0000 -0.0241 0.0181 -0.0010 -0.0012 -0.0054 0.0094 0.0019 -0.0009 0.0279 0.0385 -0.0056 0.0185 121.6820
0.0000 0.0000 0.0000 0.0000 0.0000 0.0000 -0.0291 0.0112 -0.0009 -0.0011 -0.0057 0.0098 0.0020 -0.0022 0.0274 0.0377 -0.0069 0.0227 121.7846
0.0000 0.0000 0.0000 0.0000 0.0000 0.0000 -0.0310 0.0119 -0.0009 -0.0008 -0.0074 0.0106 0.0015 -0.0031 0.0269 0.0371 0.0000 0.0304 121.8859
0.0000 0.0000 0.0000 0.0000 0.0000 0.0000 -0.0325 0.0125 -0.0007 -0.0005 -0.0089 0.0127 0.0015 -0.0030 0.0251 0.0358 0.0000 0.0367 121.9875
0.0000 0.0000 0.0000 0.0000 0.0000 0.0000 -0.0255 -0.0255 -0.0006 -0.0004 -0.0093 0.0148 0.0011 -0.0022 0.0238 0.0353 0.0000 0.0386 122.0889
0.0000 0.0000 0.0000 0.0000 0.0000 0.0000 -0.0259 -0.0259 -0.0004 -0.0004 -0.0083 0.0177 0.0005 -0.0011 0.0225 0.0333 0.0129 0.0376 122.1900
0.0000 0.0000 0.0000 0.0000 0.0000 0.0000 -0.0258 -0.0258 -0.0004 0.0000 -0.0084 0.0257 0.0000 -0.0019 0.0217 0.0322 0.0137 0.0398 122.2912
0.0000 0.0000 0.0000 0.0000 0.0000 0.0000 -0.0251 -0.0251 -0.0004 0.0002 -0.0090 0.0277 -0.0005 -0.0027 0.0211 0.0313 0.0178 0.0400 122.3926
0.0000 0.0000 0.0000 0.0000 0.0000 0.0000 -0.0247 -0.0247 -0.0004 0.0003 -0.0093 0.0286 -0.0013 -0.0036 0.0208 0.0309 0.0208 0.0408 122.4937
0.0000 0.0000 0.0000 0.0000 0.0000 0.0000 -0.0243 -0.0243 -0.0005 0.0007 -0.0016 0.0303 -0.0013 -0.0036 0.0190 0.0316 0.0212 0.0415 122.5956
0.0000 0.0000 0.0000 0.0000 -0.0000 0.0000 -0.0232 -0.0232 -0.0004 0.0010 0.0006 0.0358 -0.0011 -0.0031 0.0165 0.0298 0.0243 0.0404 122.6972
0.0000 0.0000 0.0000 0.0000 -0.0000 0.0000 -0.0219 -0.0219 -0.0002 0.0012 0.0093 0.0404 -0.0022 -0.0027 0.0146 0.0274 0.0254 0.0391 122.7984
0.0000 0.0000 0.0000 0.0000 -0.0000 0.0000 0.0034 -0.0278 -0.0002 0.0012 0.0105 0.0453 -0.0033 -0.0030 0.0133 0.0250 0.0251 0.0387 122.8998
0.0000 0.0000 0.0000 0.0000 -0.0000 0.0000 0.0022 -0.0178 -0.0002 0.0012 0.0247 0.0428 -0.0034 -0.0030 0.0115 0.0235 0.0251 0.0387 123.0014
0.0000 0.0000 0.0000 0.0000 -0.0000 0.0000 0.0014 -0.0117 -0.0002 0.0012 0.0389 0.0389 -0.0034 -0.0030 0.0107 0.0219 0.0243 0.0373 123.1026
0.0000 0.0000 0.0000 0.0000 -0.0000 0.0000 0.0030 -0.0077 -0.0002 0.0011 0.0485 0.0340 -0.0034 -0.0031 0.0098 0.0211 0.0237 0.0366 123.2036
0.0000 0.0000 0.0000 0.0000 -0.0000 0.0000 0.0024 -0.0063 0.0004 0.0014 0.0518 0.0363 -0.0034 0.0031 0.0095 0.0203 0.0244 0.0361 123.3049
0.0000 0.0000 0.0000 0.0000 -0.0000 0.0000 0.0026 -0.0049 0.0004 0.0014 0.0643 0.0102 -0.0065 0.0080 0.0090 0.0203 0.0226 0.0335 123.4067
0.0000 0.0000 0.0000 0.0000 -0.0000 0.0000 0.0044 -0.0083 0.0005 0.0014 0.0643 0.0102 -0.0065 0.0080 0.0090 0.0203 0.0209 0.0310 123.5081
0.0000 0.0000 0.0000 0.0000 -0.0000 0.0000 0.0064 -0.0099 0.0004 0.0013 0.0654 0.0104 -0.0088 0.0109 0.0090 0.0203 0.0209 0.0310 123.6093
0.0000 0.0000 0.0000 0.0000 -0.0000 0.0000 0.0083 -0.0102 0.0009 -0.0014 0.0107 -0.0230 -0.0088 0.0109 0.0106 0.0325 0.0121 0.0180 123.7108
0.0000 0.0000 0.0000 0.0000 -0.0000 0.0000 0.0131 -0.0162 0.0011 -0.0018 0.0104 -0.0223 0.0079 0.0295 0.0114 0.0350 0.0127 0.0188 123.8120
0.0000 0.0000 0.0000 0.0000 -0.0000 0.0000 0.0145 -0.0179 0.0005 -0.0021 0.0099 -0.0213 0.0120 0.0282 0.0120 0.0369 0.0126 0.0202 123.9132
0.0000 0.0000 0.0000 0.0000 -0.0000 0.0000 0.0126 -0.0202 0.0005 -0.0022 -0.0029 -0.0094 0.0119 0.0281 0.0102 0.0379 0.0136 0.0217 124.0143
0.0000 0.0000 0.0000 0.0000 -0.0000 0.0000 0.0130 -0.0208 0.0007 -0.0031 -0.0036 -0.0118 0.0118 0.0278 0.0103 0.0383 0.0136 0.0217 124.1161
0.0000 0.0000 0.0000 0.0000 -0.0000 0.0000 0.0111 -0.0227 0.0007 -0.0031 -0.0042 -0.0099 0.0115 0.0272 0.0088 0.0379 0.0154 0.0246 124.2176
0.0000 0.0000 0.0000 0.0000 -0.0000 0.0000 0.0105 -0.0248 0.0007 -0.0031 -0.0043 -0.0102 0.0113 0.0267 0.0079 0.0370 0.0162 0.0260 124.3189
0.0000 0.0000 0.0000 0.0000 -0.0000 0.0000 0.0111 -0.0262 0.0008 -0.0033 -0.0037 -0.0087 0.0113 0.0267 0.0058 0.0332 0.0172 0.0275 124.4208
0.0000 0.0000 0.0000 0.0000 -0.0000 0.0000 0.0113 -0.0266 0.0008 -0.0035 -0.0045 -0.0105 0.0111 0.0263 0.0052 0.0295 0.0180 0.0287 124.5220
0.0000 0.0000 0.0000 0.0000 -0.0000 0.0000 0.0105 -0.0274 0.0008 -0.0035 -0.0039 -0.0093 0.0112 0.0264 0.0047 0.0264 0.0186 0.0298 124.6236
0.0000 0.0000 0.0000 0.0000 -0.0000 0.0000 0.0107 -0.0279 0.0008 -0.0034 -0.0045 -0.0106 0.0113 0.0265 -0.0060 0.0176 0.0186 0.0298 124.7248
0.0000 0.0000 0.0000 0.0000 -0.0000 0.0000 0.0104 -0.0284 0.0008 -0.0033 -0.0000 -0.0209 0.0116 0.0273 -0.0043 0.0125 0.0192 0.0307 124.8260
0.0000 0.0000 0.0000 0.0000 -0.0000 0.0000 0.0072 -0.0311 0.0008 -0.0033 0.0053 -0.0275 0.0116 0.0273 -0.0057 0.0113 0.0191 0.0306 124.9276
0.0000 0.0000 0.0000 0.0000 -0.0000 0.0000 0.0031 -0.0352 0.0007 -0.0032 0.0073 -0.0292 0.0120 0.0283 -0.0063 0.0114 0.0189 0.0302 125.0294
0.0000 0.0000 0.0000 0.0000 -0.0000 0.0000 0.0007 -0.0391 0.0008 -0.0033 0.0142 -0.0266 0.0122 0.0287 -0.0074 0.0110 0.0186 0.0297 125.1306
0.0000 0.0000 0.0000 0.0000 0.0000 0.0000 -0.0057 -0.0408 0.0014 0.0031 0.0281 -0.0313 0.0269 0.0181 -0.0078 0.0108 0.0053 0.0334 125.2322
0.0000 0.0000 0.0000 0.0000 0.0000 0.0000 -0.0061 -0.0434 0.0052 0.0112 0.0301 -0.0334 0.0237 0.0160 -0.0077 0.0106 0.0051 0.0320 125.3338
0.0000 0.0000 0.0000 0.0000 0.0000 0.0000 -0.0064 -0.0453 0.0093 0.0200 0.0593 -0.0000 0.0200 0.0135 -0.0068 0.0097 0.0050 0.0318 125.4357
0.0000 0.0000 0.0000 0.0000 0.0000 0.0000 -0.0055 -0.0390 -0.0068 0.0238 0.0238 0.0732 0.0158 0.0042 -0.0062 0.0052 0.0010 0.0276 125.5370
0.0000 0.0000 0.0000 0.0000 0.0000 0.0000 -0.0282 0.0005 -0.0075 0.0195 0.0039 0.0736 0.0161 0.0055 -0.0106 -0.0007 0.0009 0.0247 125.6391
0.0000 0.0000 0.0000 0.0000 0.0000 0.0000 -0.0387 0.0089 -0.0075 0.0195 0.0039 0.0736 0.0170 0.0059 -0.0106 -0.0007 0.0008 0.0219 125.7406
0.0000 0.0000 0.0000 0.0000 0.0000 0.0000 -0.0425 0.0217 -0.0069 0.0180 0.0036 0.0690 0.0177 0.0086 -0.0138 -0.0010 0.0000 0.0195 125.8419
0.0000 0.0000 0.0000 0.0000 0.0000 0.0000 -0.0453 0.0272 -0.0049 0.0184 0.0035 0.0659 0.0168 0.0105 -0.0113 -0.0008 -0.0002 0.0131 125.9431
0.0000 0.0000 0.0000 0.0000 0.0000 0.0000 -0.0477 0.0286 -0.0045 0.0167 -0.0171 0.0561 0.0169 0.0106 -0.0009 -0.0123 -0.0002 0.0096 126.0441
0.0000 0.0000 0.0000 0.0000 0.0000 0.0000 -0.0376 0.0465 -0.0043 0.0161 -0.0114 0.0424 0.0162 0.0101 0.0000 -0.0029 -0.0001 0.0064 126.1452
0.0000 0.0000 0.0000 0.0000 0.0000 0.0000 -0.0363 0.0449 -0.0042 0.0159 -0.0090 0.0337 0.0153 0.0096 0.0008 -0.0079 -0.0001 0.0039 126.2467
0.0000 0.0000 0.0000 0.0000 0.0000 0.0000 -0.0316 0.0452 -0.0042 0.0159 -0.0051 0.0289 0.0145 0.0090 0.0010 -0.0057 -0.0001 0.0039 126.3481
0.0000 0.0000 0.0000 0.0000 0.0000 0.0000 -0.0287 0.0425 0.0000 0.0164 -0.0051 0.0289 0.0077 0.0152 0.0010 -0.0057 -0.0000 0.0024 126.4495
0.0000 0.0000 0.0000 0.0000 0.0000 0.0000 -0.0270 0.0400 0.0000 0.0181 -0.0048 0.0274 0.0097 0.0190 0.0011 -0.0060 -0.0000 0.0003 126.5509
0.0000 0.0000 0.0000 0.0000 0.0000 0.0000 -0.0255 0.0378 0.0000 0.0191 -0.0025 0.0286 0.0109 0.0214 0.0032 -0.0089 -0.0000 0.0003 126.6520
0.0000 0.0000 0.0000 0.0000 0.0000 0.0000 -0.0245 0.0363 0.0000 0.0191 -0.0015 0.0286 0.0109 0.0214 0.0034 -0.0088 -0.0000 0.0025 126.7541
0.0000 0.0000 0.0000 0.0000 0.0000 0.0000 -0.0239 0.0341 0.0000 0.0196 -0.0016 0.0310 0.0113 0.0221 0.0023 -0.0061 -0.0000 0.0025 126.8556
0.0000 0.0000 0.0000 0.0000 0.0000 0.0000 -0.0229 0.0328 0.0000 0.0199 -0.0016 0.0310 0.0111 0.0217 0.0023 -0.0061 -0.0000 0.0010 126.9567
0.0000 0.0000 0.0000 0.0000 0.0000 0.0000 -0.0245 0.0303 0.0000 0.0199 0.0012 0.0334 0.0111 0.0217 0.0013 -0.0068 -0.0000 0.0013 127.0579
0.0000 0.0000 0.0000 0.0000 0.0000 0.0000 -0.0239 0.0285 0.0067 0.0208 0.0013 0.0360 0.0033 0.0266 0.0014 -0.0073 -0.0000 0.0013 127.1600
0.0000 0.0000 0.0000 0.0000 0.0000 0.0000 -0.0230 0.0274 0.0085 0.0201 0.0013 0.0360 0.0014 0.0267 0.0009 -0.0073 -0.0001 0.0021 127.2611
0.0000 0.0000 0.0000 0.0000 0.0000 0.0000 -0.0238 0.0255 0.0088 0.0208 0.0033 0.0378 0.0015 0.0283 0.0010 -0.0078 -0.0001 0.0021 127.3624
0.0000 0.0000 0.0000 0.0000 0.0000 0.0000 -0.0239 0.0239 0.0088 0.0208 0.0053 0.0376 0.0015 0.0283 0.0001 -0.0079 -0.0000 0.0007 127.4634
0.0000 0.0000 0.0000 0.0000 0.0000 0.0000 -0.0244 0.0212 0.0132 0.0195 0.0055 0.0390 -0.0015 0.0292 0.0002 -0.0087 -0.0001 0.0010 127.5646
0.0000 0.0000 0.0000 0.0000 0.0000 0.0000 -0.0245 0.0185 0.0177 0.0190 0.0059 0.0422 -0.0037 0.0302 0.0002 -0.0087 -0.0001 0.0010 127.6658
0.0000 0.0000 0.0000 0.0000 0.0000 0.0000 -0.0234 0.0176 0.0177 0.0190 0.0089 0.0417 -0.0037 0.0302 -0.0003 -0.0084 -0.0001 0.0011 127.7669
0.0000 0.0000 0.0000 0.0000 0.0000 0.0000 -0.0232 0.0156 0.0187 0.0201 0.0097 0.0454 -0.0037 0.0302 -0.0003 -0.0086 -0.0001 0.0011 127.8684
0.0000 0.0000 0.0000 0.0000 0.0000 0.0000 -0.0232 0.0134 0.0265 0.0071 0.0143 0.0442 -0.0088 0.0306 -0.0010 -0.0085 -0.0002 0.0010 127.9694
0.0000 0.0000 0.0000 0.0000 0.0000 0.0000 -0.0213 0.0123 0.0269 0.0072 0.0154 0.0473 -0.0090 0.0315 -0.0011 -0.0090 -0.0002 0.0008 128.0717
0.0000 0.0000 0.0000 0.0000 0.0000 0.0000 -0.0222 0.0072 0.0276 -0.0039 0.0222 0.0475 -0.0111 0.0304 -0.0024 -0.0089 -0.0001 0.0012 128.1736
0.0000 0.0000 0.0000 0.0000 0.0000 0.0000 -0.0187 0.0033 0.0255 -0.0036 0.0256 0.0482 -0.0107 0.0295 -0.0031 -0.0090 -0.0001 0.0017 128.2750
0.0000 0.0000 0.0000 0.0000 -0.0000 0.0000 -0.0138 0.0010 0.0225 -0.0032 0.0262 0.0492 -0.0104 0.0284 -0.0033 -0.0095 -0.0002 0.0026 128.3765
0.0000 0.0000 0.0000 0.0000 -0.0000 0.0000 -0.0097 0.0000 0.0214 -0.0030 0.0299 0.0479 -0.0104 0.0284 -0.0045 -0.0096 -0.0002 0.0033 128.4778
0.0000 0.0000 0.0000 0.0000 -0.0000 0.0000 -0.0057 -0.0008 0.0115 -0.0100 0.0390 0.0418 -0.0142 0.0236 -0.0072 -0.0086 0.0022 0.0045 128.5789
0.0000 0.0000 0.0000 0.0000 -0.0000 0.0000 -0.0035 -0.0009 0.0074 -0.0067 0.0414 0.0386 -0.0115 0.0191 -0.0096 -0.0078 0.0031 0.0039 128.6799
0.0000 0.0000 0.0000 0.0000 -0.0000 0.0000 -0.0050 -0.0015 0.0047 -0.0042 0.0439 0.0343 -0.0066 0.0110 -0.0111 -0.0090 0.0030 0.0037 128.7815
0.0000 0.0000 0.0000 0.0000 -0.0000 0.0000 -0.0047 -0.0015 0.0057 -0.0020 0.0464 0.0301 -0.0057 0.0091 -0.0156 -0.0054 0.0026 0.0036 128.8825
0.0000 0.0000 0.0000 0.0000 -0.0000 0.0000 -0.0054 -0.0019 0.0068 -0.0023 0.0455 0.0296 -0.0041 0.0066 -0.0168 -0.0058 0.0026 0.0036 128.9836
0.0000 0.0000 0.0000 0.0000 -0.0000 0.0000 -0.0058 -0.0020 0.0063 0.0009 0.0482 0.0147 -0.0027 0.0043 -0.0177 0.0134 0.0019 0.0052 129.0853
0.0000 0.0000 0.0000 0.0000 -0.0000 0.0000 -0.0066 -0.0013 0.0078 0.0027 0.0453 0.0072 -0.0011 0.0021 -0.0140 0.0215 0.0017 0.0062 129.1866
0.0000 0.0000 0.0000 0.0000 -0.0000 0.0000 -0.0072 -0.0004 0.0079 0.0027 0.0405 0.0043 -0.0008 0.0015 -0.0110 0.0273 0.0019 0.0070 129.2878
0.0000 0.0000 0.0000 0.0000 -0.0000 0.0000 -0.0062 -0.0003 0.0055 0.0063 0.0357 0.0044 -0.0006 0.0013 -0.0068 0.0322 0.0003 0.0073 129.3892
0.0000 0.0000 0.0000 0.0000 -0.0000 0.0000 -0.0053 0.0027 0.0043 0.0091 0.0319 0.0034 -0.0005 0.0014 -0.0072 0.0340 -0.0001 0.0073 129.4910
0.0000 0.0000 0.0000 0.0000 -0.0000 0.0000 -0.0045 0.0037 0.0039 0.0107 0.0279 0.0029 -0.0007 0.0021 -0.0025 0.0359 -0.0015 0.0095 129.5927
0.0000 0.0000 0.0000 0.0000 0.0000 0.0000 -0.0032 0.0046 0.0023 0.0120 0.0244 0.0030 -0.0007 0.0024 0.0038 0.0361 -0.0034 0.0112 129.6939
0.0000 0.0000 0.0000 0.0000 0.0000 0.0000 -0.0029 0.0052 0.0009 0.0130 0.0217 0.0027 -0.0007 0.0024 0.0082 0.0353 -0.0067 0.0116 129.8036
0.0000 0.0000 0.0000 0.0000 0.0000 0.0000 -0.0028 0.0053 0.0000 0.0131 0.0195 0.0020 -0.0010 0.0034 0.0099 0.0344 -0.0099 0.0123 129.9051
0.0000 0.0000 0.0000 0.0000 0.0000 0.0000 -0.0027 0.0049 -0.0014 0.0132 0.0186 0.0020 -0.0001 0.0037 0.0126 0.0312 -0.0148 0.0096 130.0075
0.0000 0.0000 0.0000 0.0000 0.0000 0.0000 -0.0026 0.0048 -0.0014 0.0131 0.0191 0.0020 -0.0002 0.0046 0.0114 0.0283 -0.0163 0.0106 130.1086
0.0000 0.0000 0.0000 0.0000 0.0000 0.0000 -0.0027 0.0049 -0.0016 0.0131 0.0191 0.0020 0.0005 0.0057 0.0106 0.0251 -0.0199 0.0031 130.2098
0.0000 0.0000 0.0000 0.0000 0.0000 0.0000 -0.0040 0.0039 -0.0016 0.0131 0.0231 0.0028 0.0006 0.0068 0.0095 0.0223 -0.0199 0.0031 130.3116
0.0000 0.0000 0.0000 0.0000 0.0000 0.0000 -0.0038 0.0036 -0.0019 0.0132 0.0253 0.0027 0.0006 0.0068 0.0079 0.0194 -0.0163 -0.0069 130.4128
0.0000 0.0000 0.0000 0.0000 0.0000 0.0000 -0.0057 0.0011 -0.0019 0.0133 0.0273 0.0029 0.0024 0.0080 0.0079 0.0194 -0.0163 -0.0069 130.5142
0.0000 0.0000 0.0000 0.0000 0.0000 0.0000 -0.0048 0.0019 -0.0019 0.0134 0.0299 0.0031 0.0025 0.0082 0.0059 0.0139 -0.0141 -0.0060 130.6155
0.0000 0.0000 0.0000 0.0000 0.0000 0.0000 -0.0046 0.0045 -0.0019 0.0137 0.0322 0.0034 0.0024 0.0078 0.0049 0.0116 -0.0123 -0.0052 130.7166
0.0000 0.0000 0.0000 0.0000 0.0000 0.0000 -0.0042 0.0057 -0.0020 0.0140 0.0343 0.0036 0.0020 0.0065 0.0039 0.0091 -0.0109 -0.0046 130.8180
0.0000 0.0000 0.0000 0.0000 0.0000 0.0000 -0.0037 0.0073 -0.0017 0.0138 0.0355 0.0037 0.0052 0.0029 0.0030 0.0071 -0.0074 -0.0038 130.9193
0.0000 0.0000 0.0000 0.0000 0.0000 0.0000 -0.0034 0.0088 -0.0014 0.0137 0.0364 0.0038 0.0030 0.0010 0.0030 0.0071 -0.0077 -0.0031 131.0210
0.0000 0.0000 0.0000 0.0000 0.0000 0.0000 -0.0022 0.0103 -0.0014 0.0135 0.0359 0.0096 0.0002 0.0001 0.0021 0.0048 -0.0061 -0.0021 131.1228
0.0000 0.0000 0.0000 0.0000 0.0000 0.0000 -0.0026 0.0124 -0.0012 0.0133 0.0375 0.0115 0.0021 0.0005 0.0020 0.0046 -0.0064 -0.0010 131.2246
0.0000 0.0000 0.0000 0.0000 -0.0000 0.0000 0.0005 0.0136 -0.0011 0.0130 0.0379 0.0138 0.0011 0.0002 0.0015 0.0035 -0.0068 -0.0001 131.3260
0.0000 0.0000 0.0000 0.0000 -0.0000 0.0000 0.0015 0.0170 -0.0011 0.0125 0.0382 0.0170 0.0015 0.0003 0.0017 0.0038 -0.0061 -0.0001 131.4271
0.0000 0.0000 0.0000 0.0000 -0.0000 0.0000 0.0027 0.0194 -0.0010 0.0112 0.0374 0.0199 0.0016 0.0006 0.0013 0.0030 -0.0056 -0.0001 131.5281
0.0000 0.0000 0.0000 0.0000 -0.0000 0.0000 0.0031 0.0217 -0.0009 0.0099 0.0360 0.0225 0.0011 0.0004 0.0012 0.0030 -0.0053 -0.0001 131.6297
0.0000 0.0000 0.0000 0.0000 -0.0000 0.0000 0.0032 0.0231 -0.0005 0.0090 0.0321 0.0269 0.0009 0.0010 0.0010 0.0026 -0.0029 0.0034 131.7311
0.0000 0.0000 0.0000 0.0000 -0.0000 0.0000 0.0113 0.0213 -0.0004 0.0077 0.0303 0.0273 0.0017 0.0018 0.0008 0.0026 -0.0033 0.0051 131.8323
0.0000 0.0000 0.0000 0.0000 -0.0000 0.0000 0.0179 0.0229 -0.0003 0.0065 0.0274 0.0284 0.0019 0.0025 0.0006 0.0023 -0.0039 0.0060 131.9336
0.0000 0.0000 0.0000 0.0000 -0.0000 0.0000 0.0203 0.0260 -0.0001 0.0051 0.0251 0.0279 0.0011 0.0032 0.0005 0.0023 -0.0023 0.0080 132.0355
0.0000 0.0000 0.0000 0.0000 -0.0000 0.0000 0.0333 0.0115 -0.0001 0.0043 0.0222 0.0284 0.0013 0.0037 0.0005 0.0024 -0.0025 0.0088 132.1368
0.0000 0.0000 0.0000 0.0000 -0.0000 0.0000 0.0381 0.0033 0.0001 0.0032 0.0195 0.0268 0.0006 0.0057 -0.0003 0.0030 -0.0008 0.0096 132.2382
0.0000 0.0000 0.0000 0.0000 -0.0000 0.0000 0.0390 -0.0069 0.0001 0.0029 0.0176 0.0251 0.0006 0.0057 -0.0007 0.0037 -0.0009 0.0102 132.3399
0.0000 0.0000 0.0000 0.0000 -0.0000 0.0000 0.0310 -0.0242 0.0002 0.0028 0.0163 0.0232 -0.0008 0.0065 -0.0008 0.0043 0.0002 0.0106 132.4413
0.0000 0.0000 0.0000 0.0000 -0.0000 0.0000 0.0284 -0.0222 0.0002 0.0027 0.0144 0.0213 -0.0010 0.0078 -0.0020 0.0056 0.0002 0.0109 132.5428
0.0000 0.0000 0.0000 0.0000 -0.0000 0.0000 0.0266 -0.0208 0.0003 0.0026 0.0134 0.0199 -0.0010 0.0078 -0.0040 0.0064 0.0010 0.0112 132.6440
0.0000 0.0000 0.0000 0.0000 -0.0000 0.0000 0.0147 -0.0288 0.0004 0.0027 0.0124 0.0183 -0.0034 0.0093 -0.0063 0.0068 0.0010 0.0116 132.7448
0.0000 0.0000 0.0000 0.0000 0.0000 0.0000 0.0108 -0.0243 0.0004 0.0027 0.0115 0.0170 -0.0036 0.0098 -0.0092 0.0072 0.0010 0.0119 132.8462
0.0000 0.0000 0.0000 0.0000 0.0000 0.0000 0.0078 -0.0214 0.0009 0.0027 0.0110 0.0163 -0.0058 0.0093 -0.0110 0.0086 0.0010 0.0119 132.9474
0.0000 0.0000 0.0000 0.0000 0.0000 0.0000 0.0060 -0.0184 0.0009 0.0029 0.0106 0.0151 -0.0062 0.0098 -0.0138 -0.0010 0.0016 0.0129 133.0486
0.0000 0.0000 0.0000 0.0000 0.0000 0.0000 0.0050 -0.0162 0.0014 0.0026 0.0106 0.0145 -0.0073 0.0096 -0.0107 -0.0078 0.0016 0.0129 133.1500
0.0000 0.0000 0.0000 0.0000 0.0000 0.0000 0.0045 -0.0149 0.0020 0.0022 0.0114 0.0141 -0.0084 0.0093 -0.0084 -0.0084 0.0019 0.0135 133.2513
0.0000 0.0000 0.0000 0.0000 0.0000 0.0000 0.0046 -0.0141 0.0018 0.0020 0.0115 0.0142 -0.0085 0.0095 -0.0059 -0.0081 0.0022 0.0141 133.3525
0.0000 0.0000 0.0000 0.0000 0.0000 0.0000 0.0049 -0.0134 0.0023 0.0012 0.0115 0.0142 -0.0087 0.0097 -0.0048 -0.0066 0.0023 0.0144 133.4543
0.0000 0.0000 0.0000 0.0000 0.0000 0.0000 0.0053 -0.0132 0.0023 -0.0010 0.0125 0.0139 -0.0089 0.0095 -0.0032 -0.0063 0.0026 0.0147 133.5559
0.0000 0.0000 0.0000 0.0000 0.0000 0.0000 0.0069 -0.0130 0.0017 -0.0011 0.0129 0.0138 -0.0091 0.0094 -0.0024 -0.0049 0.0027 0.0137 133.6579
0.0000 0.0000 0.0000 0.0000 0.0000 0.0000 0.0084 -0.0129 0.0009 -0.0012 0.0135 0.0140 -0.0089 0.0095 -0.0021 -0.0042 0.0024 0.0123 133.7591
0.0000 0.0000 0.0000 0.0000 0.0000 0.0000 0.0118 -0.0114 0.0009 -0.0011 0.0140 0.0140 -0.0087 0.0093 -0.0021 -0.0039 0.0022 0.0111 133.8601
0.0000 0.0000 0.0000 0.0000 0.0000 0.0000 0.0149 -0.0108 0.0007 -0.0016 0.0130 0.0130 -0.0084 0.0094 -0.0020 -0.0037 0.0021 0.0098 133.9613
0.0000 0.0000 0.0000 0.0000 0.0000 0.0000 0.0180 -0.0092 0.0008 -0.0017 0.0116 0.0112 -0.0084 0.0094 -0.0023 -0.0034 0.0017 0.0089 134.0633
0.0000 0.0000 0.0000 0.0000 0.0000 0.0000 0.0217 -0.0054 0.0008 -0.0018 0.0093 0.0090 -0.0076 0.0090 -0.0024 -0.0035 0.0016 0.0082 134.1652
0.0000 0.0000 0.0000 0.0000 0.0000 0.0000 0.0238 -0.0059 0.0008 -0.0019 0.0080 0.0080 -0.0073 0.0088 -0.0029 -0.0028 0.0015 0.0077 134.2664
0.0000 0.0000 0.0000 0.0000 0.0000 0.0000 0.0224 0.0124 0.0008 -0.0019 0.0070 0.0075 -0.0057 0.0095 -0.0042 -0.0030 0.0014 0.0074 134.3684
0.0000 0.0000 0.0000 0.0000 -0.0000 0.0000 0.0194 0.0231 0.0009 -0.0020 0.0057 0.0063 -0.0054 0.0090 -0.0058 -0.0011 0.0011 0.0070 134.4696
0.0000 0.0000 0.0000 0.0000 -0.0000 0.0000 0.0181 0.0279 0.0006 -0.0026 0.0049 0.0057 -0.0044 0.0091 -0.0069 0.0005 0.0010 0.0071 134.5711
0.0000 0.0000 0.0000 0.0000 -0.0000 0.0000 0.0159 0.0312 0.0006 -0.0028 0.0044 0.0053 -0.0041 0.0088 -0.0087 0.0027 0.0008 0.0068 134.6723
0.0000 0.0000 0.0000 0.0000 -0.0000 0.0000 -0.0013 0.0360 -0.0013 -0.0042 0.0040 0.0048 -0.0041 0.0088 -0.0074 0.0159 0.0001 0.0068 134.7734
0.0000 0.0000 0.0000 0.0000 -0.0000 0.0000 -0.0024 0.0345 -0.0013 -0.0042 0.0039 0.0046 -0.0017 0.0079 -0.0079 0.0169 0.0001 0.0075 134.8746
0.0000 0.0000 0.0000 0.0000 -0.0000 0.0000 -0.0035 0.0329 -0.0031 -0.0042 0.0038 0.0045 -0.0008 0.0078 -0.0083 0.0177 -0.0008 0.0089 134.9779
0.0000 0.0000 0.0000 0.0000 -0.0000 0.0000 -0.0033 0.0314 -0.0031 -0.0043 0.0066 0.0005 -0.0008 0.0076 -0.0007 0.0204 -0.0008 0.0089 135.0790
0.0000 0.0000 0.0000 0.0000 -0.0000 0.0000 -0.0031 0.0299 -0.0032 -0.0044 0.0106 -0.0021 -0.0008 0.0076 0.0007 0.0213 -0.0010 0.0110 135.1803
0.0000 0.0000 0.0000 0.0000 -0.0000 0.0000 -0.0040 0.0287 -0.0053 -0.0010 0.0122 -0.0057 -0.0008 0.0075 0.0027 0.0218 -0.0025 0.0107 135.2817
0.0000 0.0000 0.0000 0.0000 0.0000 0.0000 -0.0037 0.0264 -0.0071 0.0002 0.0037 -0.0161 0.0004 0.0068 0.0098 0.0202 -0.0038 0.0131 135.3829
0.0000 0.0000 0.0000 0.0000 0.0000 0.0000 -0.0024 0.0231 -0.0081 0.0003 0.0015 -0.0175 0.0004 0.0067 0.0101 0.0198 -0.0038 0.0131 135.4844
0.0000 0.0000 0.0000 0.0000 0.0000 0.0000 -0.0013 0.0193 -0.0087 0.0003 0.0013 -0.0146 0.0003 0.0064 0.0103 0.0194 -0.0043 0.0150 135.5860
0.0000 0.0000 0.0000 0.0000 0.0000 0.0000 -0.0006 0.0174 -0.0089 0.0003 0.0009 -0.0107 0.0003 0.0063 0.0102 0.0193 -0.0045 0.0156 135.6876
0.0000 0.0000 0.0000 0.0000 0.0000 0.0000 -0.0003 0.0161 -0.0091 0.0003 -0.0012 -0.0069 0.0003 0.0064 0.0110 0.0183 -0.0046 0.0161 135.7885
0.0000 0.0000 0.0000 0.0000 0.0000 0.0000 0.0003 0.0156 -0.0047 0.0088 -0.0004 -0.0024 0.0017 0.0052 0.0104 0.0173 -0.0100 0.0143 135.8898
0.0000 0.0000 0.0000 0.0000 0.0000 0.0000 0.0011 0.0158 -0.0049 0.0092 -0.0010 -0.0020 0.0017 0.0052 0.0085 0.0168 -0.0103 0.0148 135.9909
0.0000 0.0000 0.0000 0.0000 0.0000 0.0000 0.0016 0.0156 -0.0023 0.0101 -0.0015 -0.0026 0.0028 0.0048 0.0071 0.0140 -0.0127 0.0127 136.0922
0.0000 0.0000 0.0000 0.0000 0.0000 0.0000 0.0021 0.0151 -0.0023 0.0100 -0.0015 -0.0026 0.0027 0.0048 0.0056 0.0115 -0.0124 0.0124 136.1933
0.0000 0.0000 0.0000 0.0000 0.0000 0.0000 0.0021 0.0148 -0.0023 0.0100 -0.0012 -0.0022 0.0027 0.0047 0.0047 0.0106 -0.0117 0.0117 136.2945
0.0000 0.0000 0.0000 0.0000 0.0000 0.0000 0.0043 0.0142 -0.0017 0.0105 -0.0016 -0.0031 0.0041 0.0021 0.0041 0.0096 -0.0137 0.0092 136.3957
0.0000 0.0000 0.0000 0.0000 0.0000 0.0000 0.0044 0.0142 -0.0015 0.0105 -0.0015 -0.0031 0.0045 0.0013 0.0039 0.0097 -0.0127 0.0083 136.4973
0.0000 0.0000 0.0000 0.0000 0.0000 0.0000 0.0044 0.0142 -0.0011 0.0106 -0.0011 -0.0024 0.0038 0.0001 0.0040 0.0098 -0.0127 0.0083 136.5987
0.0000 0.0000 0.0000 0.0000 0.0000 0.0000 0.0068 0.0134 -0.0012 0.0101 -0.0011 -0.0029 0.0037 -0.0008 0.0038 0.0099 -0.0117 0.0070 136.6999
0.0000 0.0000 0.0000 0.0000 0.0000 0.0000 0.0087 0.0125 -0.0012 0.0096 -0.0007 -0.0022 0.0025 -0.0006 0.0037 0.0100 -0.0091 0.0061 136.8010
0.0000 0.0000 0.0000 0.0000 0.0000 0.0000 0.0101 0.0121 -0.0011 0.0089 -0.0006 -0.0019 0.0021 -0.0007 0.0036 0.0099 -0.0087 0.0066 136.9021
0.0000 0.0000 0.0000 0.0000 -0.0000 0.0000 0.0124 0.0104 -0.0010 0.0084 -0.0010 -0.0014 0.0014 -0.0005 0.0032 0.0098 -0.0079 0.0060 137.0033
0.0000 0.0000 0.0000 0.0000 -0.0000 0.0000 0.0127 0.0107 -0.0009 0.0075 -0.0017 -0.0019 0.0015 -0.0005 0.0029 0.0096 -0.0062 0.0046 137.1049
0.0000 0.0000 0.0000 0.0000 -0.0000 0.0000 0.0160 0.0049 -0.0008 0.0069 -0.0015 -0.0017 0.0015 -0.0005 0.0028 0.0092 -0.0056 0.0042 137.2062
0.0000 0.0000 0.0000 0.0000 -0.0000 0.0000 0.0173 -0.0006 -0.0007 0.0059 -0.0016 -0.0018 0.0013 -0.0004 0.0020 0.0092 -0.0052 0.0039 137.3074
0.0000 0.0000 0.0000 0.0000 -0.0000 0.0000 0.0177 -0.0006 -0.0007 0.0056 -0.0039 -0.0010 0.0014 -0.0004 0.0020 0.0093 -0.0052 0.0039 137.4092
0.0000 0.0000 0.0000 0.0000 -0.0000 0.0000 0.0165 -0.0057 -0.0007 0.0056 -0.0039 0.0010 0.0013 -0.0004 0.0010 0.0093 -0.0052 0.0039 137.5109
0.0000 0.0000 0.0000 0.0000 -0.0000 0.0000 0.0136 -0.0099 -0.0008 0.0040 -0.0061 0.0034 0.0008 0.0011 0.0010 0.0094 -0.0022 0.0050 137.6123
0.0000 0.0000 0.0000 0.0000 -0.0000 0.0000 0.0109 -0.0105 -0.0008 0.0040 -0.0059 0.0065 0.0008 0.0011 0.0003 0.0095 -0.0023 0.0052 137.7140
0.0000 0.0000 0.0000 0.0000 -0.0000 0.0000 0.0088 -0.0098 -0.0007 0.0031 -0.0041 0.0077 0.0022 0.0031 -0.0005 0.0098 -0.0024 0.0053 137.8152
0.0000 0.0000 0.0000 0.0000 0.0000 0.0000 0.0074 -0.0092 -0.0003 0.0015 -0.0047 0.0116 0.0011 0.0049 -0.0011 0.0105 -0.0013 0.0055 137.9173
0.0000 0.0000 0.0000 0.0000 0.0000 0.0000 0.0058 -0.0083 -0.0002 0.0009 -0.0029 0.0138 0.0014 0.0060 -0.0022 0.0104 -0.0013 0.0057 138.0189
0.0000 0.0000 0.0000 0.0000 0.0000 0.0000 0.0047 -0.0072 -0.0001 0.0006 -0.0011 0.0155 0.0000 0.0074 -0.0045 0.0124 -0.0008 0.0057 138.1203
0.0000 0.0000 0.0000 0.0000 0.0000 0.0000 0.0039 -0.0063 -0.0001 0.0006 0.0006 0.0168 0.0000 0.0083 -0.0054 0.0121 -0.0005 0.0059 138.2324
0.0000 0.0000 0.0000 0.0000 0.0000 0.0000 0.0038 -0.0054 -0.0001 0.0005 0.0034 0.0177 -0.0015 0.0092 -0.0099 0.0141 -0.0003 0.0065 138.3339
0.0000 0.0000 0.0000 0.0000 0.0000 0.0000 0.0038 -0.0054 -0.0001 0.0005 0.0051 0.0177 -0.0020 0.0096 -0.0142 0.0132 -0.0004 0.0070 138.4351
0.0000 0.0000 0.0000 0.0000 0.0000 0.0000 0.0041 -0.0055 -0.0002 0.0006 0.0052 0.0180 -0.0022 0.0103 -0.0157 0.0147 0.0003 0.0075 138.5367
0.0000 0.0000 0.0000 0.0000 0.0000 0.0000 0.0044 -0.0053 -0.0002 0.0006 0.0064 0.0168 -0.0029 0.0107 -0.0157 0.0147 0.0010 0.0079 138.6384
0.0000 0.0000 0.0000 0.0000 0.0000 0.0000 0.0053 -0.0053 -0.0002 0.0006 0.0064 0.0168 -0.0029 0.0107 -0.0202 0.0112 0.0011 0.0088 138.7396
0.0000 0.0000 0.0000 0.0000 0.0000 0.0000 0.0058 -0.0054 -0.0005 0.0008 0.0066 0.0156 -0.0032 0.0106 -0.0230 0.0088 0.0017 0.0087 138.8408
0.0000 0.0000 0.0000 0.0000 0.0000 0.0000 0.0064 -0.0050 -0.0005 0.0008 0.0069 0.0155 -0.0032 0.0106 -0.0240 0.0055 0.0019 0.0096 138.9422
0.0000 0.0000 0.0000 0.0000 0.0000 0.0000 0.0075 -0.0045 -0.0007 0.0012 0.0070 0.0138 -0.0032 0.0106 -0.0252 0.0022 0.0020 0.0103 139.0443
0.0000 0.0000 0.0000 0.0000 0.0000 0.0000 0.0082 -0.0049 -0.0009 0.0015 0.0065 0.0118 -0.0033 0.0107 -0.0251 -0.0004 0.0020 0.0103 139.1461
0.0000 0.0000 0.0000 0.0000 0.0000 0.0000 0.0091 -0.0037 -0.0009 0.0015 0.0070 0.0116 -0.0033 0.0107 -0.0247 -0.0048 0.0021 0.0108 139.2473
0.0000 0.0000 0.0000 0.0000 0.0000 0.0000 0.0103 -0.0022 -0.0024 0.0011 0.0060 0.0100 -0.0033 0.0108 -0.0232 -0.0045 0.0036 0.0104 139.3487
0.0000 0.0000 0.0000 0.0000 0.0000 0.0000 0.0111 -0.0024 -0.0024 0.0011 0.0060 0.0100 -0.0033 0.0106 -0.0232 -0.0045 0.0038 0.0111 139.4504
0.0000 0.0000 0.0000 0.0000 0.0000 0.0000 0.0110 0.0042 -0.0034 -0.0001 0.0054 0.0076 -0.0033 0.0106 -0.0200 -0.0069 0.0048 0.0112 139.5514
0.0000 0.0000 0.0000 0.0000 0.0000 0.0000 0.0123 0.0047 -0.0041 -0.0001 0.0047 0.0063 -0.0030 0.0106 -0.0200 -0.0069 0.0048 0.0112 139.6529
0.0000 0.0000 0.0000 0.0000 0.0000 0.0000 0.0115 0.0078 -0.0041 -0.0001 0.0047 0.0063 -0.0030 0.0106 -0.0179 -0.0069 0.0048 0.0112 139.7545
0.0000 0.0000 0.0000 0.0000 0.0000 0.0000 0.0106 0.0099 -0.0038 -0.0025 0.0036 0.0044 -0.0031 0.0107 -0.0158 -0.0067 0.0052 0.0102 139.8558
0.0000 0.0000 0.0000 0.0000 0.0000 0.0000 0.0073 0.0127 -0.0040 -0.0026 0.0025 0.0029 -0.0031 0.0110 -0.0137 -0.0064 0.0045 0.0089 139.9572
0.0000 0.0000 0.0000 0.0000 0.0000 0.0000 0.0072 0.0124 -0.0040 -0.0026 0.0009 0.0009 -0.0033 0.0114 -0.0120 -0.0056 0.0039 0.0077 140.0590
0.0000 0.0000 0.0000 0.0000 0.0000 0.0000 0.0031 0.0134 -0.0042 -0.0027 0.0005 0.0005 -0.0034 0.0117 -0.0108 -0.0044 0.0039 0.0077 140.1601
0.0000 0.0000 0.0000 0.0000 0.0000 0.0000 0.0028 0.0123 -0.0043 -0.0028 0.0014 0.0014 -0.0035 0.0121 -0.0095 -0.0038 0.0034 0.0067 140.2616
0.0000 0.0000 0.0000 0.0000 0.0000 0.0000 0.0011 0.0121 -0.0043 -0.0028 0.0012 0.0011 -0.0035 0.0121 -0.0087 -0.0030 0.0030 0.0059 140.3630
0.0000 0.0000 0.0000 0.0000 0.0000 0.0000 0.0004 0.0115 -0.0043 -0.0028 0.0018 0.0015 -0.0034 0.0117 -0.0082 -0.0019 0.0027 0.0053 140.4649
0.0000 0.0000 0.0000 0.0000 0.0000 0.0000 -0.0006 0.0110 -0.0043 -0.0028 0.0016 0.0013 -0.0032 0.0111 -0.0078 -0.0011 0.0025 0.0050 140.5662
0.0000 0.0000 0.0000 0.0000 0.0000 0.0000 -0.0005 0.0104 -0.0043 -0.0028 0.0021 0.0014 -0.0030 0.0106 -0.0076 -0.0003 0.0025 0.0050 140.6675
0.0000 0.0000 0.0000 0.0000 0.0000 0.0000 -0.0017 0.0098 -0.0043 -0.0028 0.0023 0.0015 -0.0015 0.0103 -0.0073 -0.0003 0.0023 0.0051 140.7691
0.0000 0.0000 0.0000 0.0000 0.0000 0.0000 -0.0020 0.0089 -0.0026 -0.0033 0.0024 0.0015 -0.0009 0.0072 -0.0073 0.0003 0.0022 0.0052 140.8709
0.0000 0.0000 0.0000 0.0000 0.0000 0.0000 -0.0020 0.0079 -0.0025 -0.0031 0.0025 0.0015 -0.0008 0.0063 -0.0070 0.0012 0.0023 0.0054 140.9727
0.0000 0.0000 0.0000 0.0000 0.0000 0.0000 -0.0017 0.0074 -0.0025 -0.0030 0.0025 0.0016 -0.0007 0.0057 -0.0065 0.0015 0.0023 0.0054 141.0737
0.0000 0.0000 0.0000 0.0000 -0.0000 0.0000 -0.0016 0.0069 -0.0022 -0.0028 0.0022 0.0015 -0.0007 0.0053 -0.0053 0.0033 0.0023 0.0055 141.1750
0.0000 0.0000 0.0000 0.0000 -0.0000 0.0000 -0.0012 0.0067 -0.0021 -0.0026 0.0015 0.0018 -0.0006 0.0049 -0.0053 0.0044 0.0022 0.0053 141.2760
0.0000 0.0000 0.0000 0.0000 -0.0000 0.0000 -0.0009 0.0063 -0.0021 -0.0026 0.0010 0.0015 0.0001 0.0049 -0.0050 0.0052 0.0010 0.0055 141.3770
0.0000 0.0000 0.0000 0.0000 -0.0000 0.0000 -0.0005 0.0062 -0.0037 0.0021 0.0010 0.0015 0.0001 0.0040 -0.0042 0.0060 0.0009 0.0063 141.4785
0.0000 0.0000 0.0000 0.0000 -0.0000 0.0000 -0.0005 0.0063 -0.0037 0.0041 0.0001 0.0001 0.0003 0.0033 -0.0033 0.0075 0.0004 0.0075 141.5798
0.0000 0.0000 0.0000 0.0000 -0.0000 0.0000 0.0000 0.0060 -0.0040 0.0044 0.0002 0.0003 0.0003 0.0029 -0.0030 0.0082 0.0004 0.0081 141.6819
0.0000 0.0000 0.0000 0.0000 -0.0000 0.0000 0.0004 0.0060 -0.0041 0.0045 0.0005 0.0005 0.0002 0.0028 -0.0024 0.0089 0.0005 0.0086 141.7839
0.0000 0.0000 0.0000 0.0000 -0.0000 0.0000 0.0004 0.0063 -0.0041 0.0046 0.0016 0.0000 0.0002 0.0028 -0.0008 0.0097 0.0005 0.0090 141.8851
0.0000 0.0000 0.0000 0.0000 -0.0000 0.0000 0.0011 0.0065 -0.0013 0.0060 0.0014 0.0000 0.0003 0.0030 -0.0009 0.0103 -0.0018 0.0092 141.9866
0.0000 0.0000 0.0000 0.0000 -0.0000 0.0000 0.0017 0.0067 -0.0013 0.0060 0.0010 -0.0013 0.0011 0.0029 -0.0010 0.0109 -0.0019 0.0100 142.0882
0.0000 0.0000 0.0000 0.0000 -0.0000 0.0000 0.0017 0.0068 -0.0011 0.0060 0.0011 -0.0017 0.0017 0.0030 0.0010 0.0116 -0.0028 0.0106 142.1898
0.0000 0.0000 0.0000 0.0000 -0.0000 0.0000 0.0024 0.0065 -0.0011 0.0062 0.0007 -0.0023 0.0018 0.0033 0.0022 0.0122 -0.0030 0.0112 142.2915
0.0000 0.0000 0.0000 0.0000 -0.0000 0.0000 0.0034 0.0062 -0.0011 0.0063 0.0008 -0.0025 0.0020 0.0036 0.0023 0.0128 -0.0031 0.0117 142.3931
0.0000 0.0000 0.0000 0.0000 -0.0000 0.0000 0.0042 0.0062 -0.0011 0.0063 0.0001 -0.0035 0.0038 0.0019 0.0035 0.0131 -0.0033 0.0121 142.4947
0.0000 0.0000 0.0000 0.0000 -0.0000 0.0000 0.0050 0.0058 -0.0011 0.0063 0.0001 -0.0037 0.0043 0.0010 0.0035 0.0131 -0.0057 0.0117 142.5964
0.0000 0.0000 0.0000 0.0000 -0.0000 0.0000 0.0062 0.0054 -0.0007 0.0064 -0.0003 -0.0037 0.0045 -0.0001 0.0045 0.0131 -0.0065 0.0117 142.6981
0.0000 0.0000 0.0000 0.0000 0.0000 0.0000 0.0078 0.0038 -0.0004 0.0061 -0.0004 -0.0041 0.0036 -0.0019 0.0053 0.0131 -0.0077 0.0114 142.7994
0.0000 0.0000 0.0000 0.0000 0.0000 0.0000 0.0095 0.0003 -0.0004 0.0060 -0.0000 -0.0040 0.0031 -0.0016 0.0059 0.0133 -0.0078 0.0116 142.9007
